188629	0	2185399	1
13898	0	2369906	1
316959	0	2146287	1
316959	0	2138224	1
123783	0	1520574	1
123783	0	1411855	1
9591	0	1236792	1
9591	0	1939015	1
9591	0	1361665	1
9591	0	2247225	1
9591	0	1265636	1
9591	0	730527	1
9591	0	981025	1
9591	0	825777	1
9591	0	1484825	1
9591	0	317800	1
9591	0	1484745	1
9591	0	2246159	1
9591	0	803057	1
9591	0	1899442	1
9591	0	369783	1
9591	0	215095	1
9591	0	299434	1
9591	0	1472431	1
9591	0	136137	1
9591	0	1192125	1
9591	0	1967714	1
9591	0	897450	1
9591	0	1393867	1
9591	0	2423297	1
9591	0	2085177	1
9591	0	144212	1
9591	0	651680	1
9591	0	581404	1
9591	0	945682	1
9591	0	1222115	1
9591	0	2317034	1
9591	0	1874570	1
9591	0	1014585	1
9591	0	136132	1
9591	0	380045	1
9591	0	564254	1
9591	0	279912	1
9591	0	2329857	1
9591	0	2355459	1
9591	0	136162	1
9591	0	1357796	1
9591	0	1307771	1
9591	0	975105	1
9591	0	228818	1
9591	0	1750991	1
9591	0	646662	1
9591	0	1969612	1
9591	0	881874	1
9591	0	168260	1
9591	0	1444419	1
9591	0	2011766	1
9591	0	924578	1
9591	0	458912	1
9591	0	1155672	1
9591	0	803115	1
9591	0	1818571	1
9591	0	483673	1
9591	0	887636	1
9591	0	2346098	1
9591	0	900834	1
9591	0	2325882	1
9591	0	287512	1
9591	0	430832	1
9591	0	2084836	1
9591	0	319462	1
9591	0	1921541	1
9591	0	781195	1
9591	0	1389664	1
9591	0	798158	1
9591	0	1864514	1
9591	0	2044722	1
9591	0	2275041	1
9591	0	11216	1
9591	0	798824	1
9591	0	227564	1
9591	0	336462	1
9591	0	2420830	1
9591	0	1278630	1
9591	0	545994	1
9591	0	1138673	1
9591	0	365542	1
9591	0	1235115	1
9591	0	748413	1
9591	0	209774	1
9591	0	395621	1
9591	0	1008264	1
9591	0	386092	1
9591	0	1134765	1
9591	0	879483	1
9591	0	136763	1
114982	0	2303696	1
114982	0	2444081	1
563603	0	2176630	1
563603	0	876926	1
563603	0	2214504	1
563603	0	890219	1
563603	0	814751	1
563603	0	1359975	1
563603	0	2331216	1
563603	0	1247729	1
563603	0	2169377	1
563603	0	340116	1
104206	0	104206	2
104206	0	1761512	1
1580851	0	2393487	1
23678	0	2118090	1
37480	0	1589436	1
84287	0	1540928	1
11925	0	1384312	1
11925	0	1095915	1
11925	0	65393	1
11925	0	1662676	1
11925	0	65272	1
11925	0	113607	1
11925	0	1075204	1
11925	0	1142015	1
11925	0	1173879	1
11925	0	178132	1
11925	0	1938652	1
11925	0	1158063	1
11925	0	1306911	1
11925	0	973961	1
11925	0	2324118	1
11925	0	243720	1
113075	0	113075	2
113075	0	392602	1
113075	0	392580	1
167865	0	1257000	1
1425120	0	1425120	2
1425120	0	941155	1
24883	0	647047	1
24883	0	166802	1
27200	0	947857	1
27200	0	1378359	1
136856	0	2277213	1
136856	0	372889	1
6031	0	2005183	1
6031	0	657782	1
6031	0	403734	1
1313191	0	989816	1
1313191	0	87391	1
187115	0	187115	2
84110	0	2087053	1
84110	0	1482051	1
84110	0	2013356	1
6431	0	6431	2
6431	0	532668	1
6431	0	844056	1
32512	0	1447952	1
32512	0	1699924	1
32512	0	735802	1
677637	0	1599798	1
677637	0	424385	1
677637	0	1088962	1
97937	0	97937	2
113765	0	598499	1
113765	0	1574743	1
113765	0	359024	1
113765	0	1737172	1
12900	0	298218	1
1294909	0	1079932	1
1294909	0	1382352	1
1294909	0	1498352	1
1294909	0	765402	1
1294909	0	868794	1
1294909	0	455465	1
1294909	0	723557	1
1294909	0	2122406	1
1294909	0	851231	1
1294909	0	1471932	1
73745	0	1415130	1
73745	0	1025601	1
73745	0	2128934	1
11692	0	11692	2
11692	0	1182031	1
22173	0	1454282	1
22173	0	974800	1
22173	0	1433138	1
76662	0	2422497	1
76662	0	2278260	1
76662	0	2173609	1
164301	0	1790879	1
23344	0	426106	1
9367	0	1986552	1
9367	0	1996632	1
9367	0	2181061	1
9367	0	2336198	1
9367	0	808462	1
9367	0	634745	1
9367	0	264240	1
9367	0	1120468	1
98546	0	1696193	1
98175	0	98175	2
15189	0	494864	1
15189	0	983810	1
15189	0	91502	1
15189	0	584294	1
1256	0	660323	1
1256	0	1729687	1
1256	0	302760	1
1256	0	2094804	1
1249076	0	81952	1
80274	0	812936	1
11311	0	1593535	1
11311	0	1666885	1
11311	0	154120	1
11311	0	871179	1
11311	0	820876	1
11311	0	169239	1
11311	0	23158	1
11311	0	979644	1
11311	0	1902589	1
11311	0	1542182	1
11311	0	1010507	1
11311	0	476574	1
11311	0	290682	1
11311	0	887904	1
11311	0	1433979	1
11311	0	1121750	1
11311	0	1529417	1
11311	0	749412	1
11311	0	1509846	1
11311	0	2309638	1
11311	0	764782	1
11311	0	1637087	1
11311	0	1128246	1
11311	0	589221	1
11311	0	733895	1
11311	0	1092403	1
11311	0	1707394	1
11311	0	642159	1
11311	0	774274	1
11311	0	82362	1
11311	0	1400831	1
11311	0	1537255	1
11311	0	1262256	1
11311	0	1940937	1
11311	0	718105	1
11311	0	780385	1
11311	0	1303851	1
11311	0	518221	1
11311	0	1845697	1
11311	0	898029	1
11311	0	1641917	1
11311	0	853822	1
11311	0	692834	1
11311	0	345806	1
11311	0	1456889	1
11311	0	382716	1
11311	0	1529519	1
11311	0	293390	1
11311	0	627072	1
11311	0	1173256	1
11311	0	736581	1
11311	0	2325320	1
11311	0	1408978	1
11311	0	1639377	1
11311	0	301085	1
11311	0	680615	1
11311	0	734995	1
11311	0	491642	1
11311	0	458160	1
11311	0	2191842	1
11311	0	486437	1
11311	0	1968401	1
11311	0	1248076	1
11311	0	2088364	1
11311	0	489899	1
11311	0	2178535	1
11311	0	2416736	1
11311	0	1568575	1
11311	0	1073828	1
11311	0	1805428	1
11311	0	1376989	1
11311	0	1712816	1
11311	0	625899	1
11311	0	1203892	1
11311	0	2440848	1
11311	0	298345	1
11311	0	636564	1
11311	0	1043588	1
11311	0	2345199	1
11311	0	2285810	1
11311	0	740716	1
11311	0	1035181	1
11311	0	412646	1
11311	0	1654878	1
11311	0	1865376	1
11311	0	499759	1
11311	0	2308958	1
11311	0	1770145	1
11311	0	688552	1
11311	0	1607666	1
11311	0	251145	1
11311	0	1955378	1
11311	0	233153	1
11311	0	689326	1
11311	0	653292	1
11311	0	383339	1
11311	0	832386	1
11311	0	626957	1
11311	0	1713358	1
11311	0	1614985	1
11311	0	845046	1
11311	0	1119727	1
11311	0	594118	1
11311	0	1633820	1
11311	0	1520619	1
11311	0	2187492	1
100895	0	100895	2
112321	0	722862	1
424464	0	734047	1
1327515	0	2330350	1
12101	0	2140400	1
9739	0	150270	1
9739	0	352931	1
189869	0	189869	2
189869	0	198877	1
143444	0	2079760	1
143444	0	228818	1
143444	0	908759	1
78940	0	663465	1
78940	0	663857	1
78940	0	662865	1
12527	0	12527	2
327199	0	738277	1
7707	0	118941	1
7707	0	284754	1
7707	0	1513651	1
7707	0	141990	1
7707	0	1466989	1
7707	0	296788	1
7707	0	73972	1
7707	0	1592508	1
7707	0	713203	1
7707	0	529188	1
7707	0	75546	1
7707	0	297959	1
7707	0	633155	1
7707	0	1408034	1
1262433	0	1262433	2
1262433	0	773567	1
74026	0	1544880	1
358108	0	485187	1
358108	0	202297	1
358108	0	2399276	1
358108	0	464600	1
358108	0	2398361	1
358108	0	628247	1
358108	0	1067040	1
358108	0	268306	1
95179	0	216834	1
7862	0	7862	2
151797	0	2173881	1
151797	0	2373510	1
100876	0	2418237	1
100876	0	2425295	1
238228	0	1660862	1
238228	0	1734271	1
238228	0	1422848	1
238228	0	1663108	1
107755	0	584186	1
107755	0	419614	1
32539	0	1158852	1
32539	0	798085	1
32539	0	1716938	1
32539	0	1435368	1
32539	0	75113	1
32539	0	1834675	1
32539	0	797289	1
12953	0	301586	1
24843	0	733536	1
119528	0	505675	1
119528	0	2039718	1
119528	0	1506902	1
119528	0	95112	1
119528	0	1894496	1
119528	0	1300377	1
27711	0	297791	1
27711	0	632613	1
17874	0	1060505	1
3524	0	3524	2
3524	0	312864	1
3524	0	1471628	1
3524	0	1290249	1
75902	0	75902	2
75902	0	1701932	1
126362	0	1067024	1
126362	0	2053033	1
126362	0	1681402	1
126362	0	381730	1
126362	0	1773453	1
126362	0	1765747	1
126362	0	2171413	1
126362	0	887047	1
126362	0	1615567	1
126362	0	2395301	1
288208	0	1028593	1
288208	0	1028433	1
34848	0	34848	2
34848	0	262827	1
264822	0	1572083	1
186363	0	1082916	1
186363	0	2223464	1
186363	0	1811001	1
76875	0	525565	1
76875	0	1442378	1
76875	0	1022052	1
76875	0	1387233	1
132697	0	2198819	1
132697	0	2348078	1
132697	0	2379089	1
132697	0	159171	1
1563	0	604517	1
1563	0	1920607	1
1563	0	1286455	1
23924	0	1351561	1
1433	0	2180929	1
29737	0	29737	2
26758	0	1637087	1
26758	0	432534	1
26758	0	1745498	1
19717	0	1398610	1
7870	0	743220	1
7870	0	1939065	1
7870	0	2411273	1
7870	0	439327	1
7870	0	1410146	1
7870	0	1706786	1
7870	0	1029156	1
7870	0	1255520	1
7870	0	1309220	1
7870	0	1107656	1
7870	0	170383	1
7870	0	1128584	1
7870	0	281463	1
7870	0	50391	1
7870	0	1198217	1
7870	0	367230	1
7870	0	415501	1
7870	0	853229	1
7870	0	1281952	1
7870	0	1121551	1
7870	0	1315832	1
7870	0	1264862	1
7870	0	998721	1
7870	0	563544	1
7870	0	1050493	1
7870	0	753048	1
7870	0	116754	1
7870	0	199321	1
7870	0	587155	1
7870	0	1225629	1
7870	0	2404111	1
7870	0	2220261	1
7870	0	1682175	1
7870	0	2224016	1
7870	0	2133363	1
7870	0	1976156	1
7870	0	1761565	1
7870	0	1164654	1
7870	0	512698	1
34844	0	34844	2
34844	0	2438998	1
12252	0	315108	1
12252	0	769878	1
12252	0	2267891	1
12252	0	36683	1
12252	0	569470	1
12252	0	250518	1
12252	0	799354	1
12252	0	1962333	1
12252	0	620611	1
12252	0	1696288	1
12252	0	1918978	1
12252	0	910764	1
11446	0	2380819	1
1370698	0	1701750	1
113657	0	2271199	1
3348	0	2454319	1
217425	0	1680401	1
129397	0	2155158	1
129397	0	1881137	1
257126	0	2274110	1
67592	0	1388952	1
67592	0	849618	1
892237	0	892237	2
20605	0	801939	1
20605	0	736673	1
20605	0	206773	1
20605	0	817212	1
1219	0	1489790	1
1219	0	2295533	1
1219	0	2433227	1
1219	0	24481	1
1219	0	2137383	1
1219	0	1547116	1
1219	0	1614763	1
1219	0	2012971	1
1219	0	1714910	1
1219	0	544304	1
1219	0	1845228	1
10656	0	793161	1
10656	0	479805	1
10656	0	408352	1
10656	0	462762	1
94266	0	197618	1
13744	0	13744	2
13539	0	1296577	1
13539	0	1730044	1
13539	0	849380	1
13539	0	1663480	1
13539	0	1397265	1
13539	0	579104	1
13539	0	1065699	1
13539	0	1175761	1
13539	0	27250	1
13539	0	197420	1
13539	0	1054915	1
13539	0	67811	1
13539	0	67816	1
13539	0	1163789	1
13539	0	1284316	1
13539	0	1204825	1
13539	0	1089094	1
13539	0	500269	1
13539	0	1975089	1
407598	0	1358001	1
97620	0	97620	2
97620	0	979876	1
97620	0	1592472	1
97620	0	229079	1
97620	0	920819	1
97620	0	1896969	1
88181	0	1492908	1
88181	0	1485118	1
88181	0	516202	1
88181	0	1928886	1
88181	0	1084448	1
87960	0	87960	2
87960	0	423695	1
87960	0	1690134	1
87960	0	1374995	1
96791	0	549672	1
96791	0	770684	1
172084	0	2276142	1
14393	0	1814498	1
1559299	0	1038644	1
1559299	0	579594	1
1559299	0	521996	1
1559299	0	1169640	1
1559299	0	108564	1
969771	0	312086	1
125685	0	823076	1
125685	0	1948324	1
125685	0	2362956	1
101336	0	1093978	1
101336	0	2198030	1
78856	0	1584503	1
126985	0	936481	1
94693	0	1470320	1
94693	0	1619861	1
94693	0	1565704	1
94693	0	1360987	1
1339737	0	2030767	1
1339737	0	2027944	1
273381	0	1935884	1
273381	0	1606363	1
73398	0	73398	2
73398	0	533718	1
90354	0	740408	1
90354	0	124111	1
1608685	0	2075260	1
446634	0	2234415	1
446634	0	625962	1
1595	0	1363803	1
494392	0	786930	1
494392	0	2003440	1
94832	0	788761	1
94832	0	832668	1
24349	0	83103	1
12374	0	1781645	1
151391	0	1480197	1
151391	0	532222	1
151391	0	1478199	1
434927	0	2342387	1
434927	0	1821627	1
434927	0	297683	1
434927	0	2409233	1
434927	0	1784345	1
434927	0	1544214	1
21969	0	1499871	1
15987	0	475387	1
13776	0	2311220	1
13776	0	2449542	1
13776	0	1839335	1
132575	0	2415565	1
833105	0	1018438	1
537	0	299168	1
537	0	1776610	1
181536	0	172489	1
181536	0	469047	1
4215	0	2195403	1
4215	0	176847	1
17227	0	1103431	1
97781	0	2103693	1
119663	0	262337	1
1336894	0	515707	1
1568489	0	1265586	1
1568489	0	37873	1
1568489	0	1951593	1
1568489	0	706114	1
1568489	0	2259946	1
1568489	0	149602	1
133700	0	1563142	1
147768	0	930907	1
674995	0	2377822	1
674995	0	1002282	1
674995	0	2062161	1
1047896	0	2336038	1
1047896	0	2133991	1
172053	0	1782922	1
172053	0	1215849	1
1045273	0	469609	1
80687	0	519194	1
80687	0	195938	1
80687	0	193138	1
1263864	0	91316	1
1263864	0	2286338	1
81739	0	523407	1
27399	0	1604353	1
27399	0	831363	1
27399	0	323856	1
27399	0	1110522	1
27399	0	2051548	1
27399	0	1172074	1
27399	0	2239968	1
27399	0	2195934	1
27399	0	1908611	1
27399	0	1580168	1
27399	0	255864	1
27399	0	621707	1
27399	0	1964280	1
27399	0	1894867	1
35101	0	35101	2
5570	0	152935	1
5570	0	1048539	1
5570	0	232123	1
5570	0	286734	1
14758	0	2368369	1
14758	0	2364053	1
14758	0	161135	1
14758	0	512557	1
14758	0	2001051	1
14758	0	1077787	1
14758	0	2289751	1
14758	0	900045	1
14758	0	1876169	1
14758	0	1920470	1
14758	0	2214334	1
14758	0	1916416	1
14758	0	2455169	1
14758	0	2244880	1
14758	0	1433604	1
14758	0	1945881	1
726995	0	545582	1
85435	0	306162	1
79941	0	859574	1
79941	0	241368	1
79941	0	1561653	1
140552	0	2182953	1
145807	0	1235403	1
145807	0	2452212	1
107616	0	15932	1
107616	0	180018	1
13801	0	1833001	1
13801	0	1448500	1
13801	0	1582864	1
13801	0	685181	1
357261	0	357261	2
2259	0	2141103	1
6213	0	1066241	1
75654	0	838800	1
75654	0	508152	1
75654	0	1615231	1
1283640	0	1507574	1
1283640	0	401204	1
1703622	0	407020	1
1237543	0	287512	1
1237543	0	1138673	1
330931	0	2110592	1
330931	0	2095227	1
488869	0	1670670	1
8055	0	1924566	1
8055	0	1337254	1
8055	0	1938115	1
8055	0	790166	1
109832	0	1356702	1
9332	0	9332	2
9332	0	1248392	1
9332	0	468029	1
9332	0	60537	1
9332	0	1223810	1
9332	0	423707	1
9332	0	149292	1
9332	0	2032214	1
9332	0	60982	1
9332	0	1952905	1
9332	0	60849	1
9332	0	124191	1
9332	0	1227346	1
9332	0	60233	1
9332	0	917863	1
9332	0	60665	1
9332	0	60577	1
9332	0	60958	1
9332	0	1198217	1
9332	0	575071	1
9332	0	1286581	1
9332	0	1020066	1
9332	0	873266	1
9332	0	60436	1
9332	0	61011	1
9332	0	588667	1
9332	0	1609802	1
9332	0	210386	1
9332	0	539676	1
9332	0	229881	1
9332	0	60142	1
9332	0	591466	1
9332	0	525061	1
9332	0	753752	1
9332	0	392088	1
9332	0	60448	1
9332	0	296673	1
9332	0	2110097	1
9332	0	919654	1
9332	0	60899	1
9332	0	1566266	1
9332	0	1933282	1
9332	0	1714334	1
9332	0	230323	1
9332	0	1286705	1
9332	0	1893800	1
9332	0	2319225	1
9332	0	680930	1
9332	0	1824999	1
9332	0	423933	1
9332	0	60700	1
9332	0	60261	1
9332	0	861202	1
9332	0	60757	1
9332	0	2623	1
9332	0	344500	1
9332	0	420738	1
204974	0	2383655	1
22113	0	1567790	1
22113	0	1441526	1
10825	0	2350486	1
10825	0	1133650	1
71636	0	2429388	1
71636	0	1394252	1
2078947	0	1734730	1
2078947	0	1998819	1
2078947	0	1970684	1
11481	0	27512	1
11481	0	683041	1
1282373	0	1582227	1
605568	0	605568	2
605568	0	406520	1
190225	0	221983	1
26652	0	1098233	1
23815	0	1419247	1
119102	0	979644	1
119102	0	512808	1
17755	0	1070617	1
17755	0	1462667	1
29896	0	29896	2
29896	0	1827172	1
29896	0	1018274	1
29896	0	1735937	1
26093	0	26093	2
1272415	0	32310	1
94442	0	994065	1
94442	0	2198934	1
260160	0	260160	2
260160	0	1863058	1
260160	0	1576449	1
260160	0	590474	1
883324	0	2153357	1
883324	0	2391564	1
71191	0	1709621	1
71191	0	2306474	1
178216	0	1121795	1
1408773	0	2058790	1
6047	0	434489	1
6047	0	151887	1
6047	0	43995	1
6047	0	1349711	1
6047	0	441109	1
6047	0	1456973	1
6047	0	500269	1
6047	0	2446040	1
6047	0	354417	1
22295	0	931911	1
22295	0	869480	1
12601	0	250193	1
12601	0	1248957	1
15200	0	218945	1
14027	0	2301548	1
14027	0	1109680	1
81411	0	1104305	1
21961	0	2204036	1
39839	0	625849	1
39839	0	1215448	1
39839	0	632077	1
39839	0	1462997	1
90512	0	721689	1
2623	0	2623	2
2623	0	1103203	1
2623	0	800615	1
2623	0	1935282	1
2623	0	765324	1
2623	0	1050372	1
2623	0	1163153	1
725960	0	725960	2
725960	0	2328100	1
5554	0	205080	1
5554	0	1525056	1
5554	0	285980	1
5554	0	2212759	1
5554	0	2214586	1
5554	0	1725321	1
5554	0	2330193	1
5554	0	2071758	1
5554	0	1813849	1
5554	0	1509034	1
5554	0	861765	1
5554	0	1090218	1
5554	0	2340940	1
5554	0	461998	1
5554	0	1349555	1
5554	0	1444777	1
5554	0	851804	1
5554	0	1279763	1
5554	0	230851	1
5554	0	814418	1
5554	0	2016792	1
5554	0	1995597	1
5554	0	1737665	1
180826	0	1595390	1
22170	0	1148601	1
22170	0	1106667	1
22170	0	1396998	1
203549	0	1456248	1
270009	0	923993	1
110384	0	2051932	1
296861	0	728306	1
18363	0	232076	1
18363	0	425278	1
18363	0	1648577	1
18363	0	1444308	1
18363	0	366906	1
18363	0	416334	1
18363	0	668412	1
18363	0	647362	1
18363	0	1543087	1
18363	0	1784533	1
18363	0	2245588	1
18363	0	567340	1
18363	0	1907371	1
18363	0	1783021	1
18363	0	736284	1
18363	0	1914772	1
226344	0	1783222	1
226344	0	2002834	1
19145	0	1949515	1
14445	0	921040	1
14445	0	1353335	1
2613	0	1133743	1
2613	0	769224	1
2613	0	684360	1
2613	0	2025399	1
2613	0	1330455	1
2613	0	1222258	1
2613	0	1729044	1
1742574	0	1145734	1
1742574	0	276657	1
28296	0	659779	1
100963	0	396651	1
100963	0	909525	1
561358	0	1580964	1
4925	0	2228498	1
4925	0	1735438	1
4925	0	2165785	1
4925	0	1945920	1
4925	0	309081	1
4925	0	1670797	1
4925	0	1190811	1
4925	0	12823	1
4925	0	1470967	1
4925	0	1466385	1
4925	0	1809763	1
4925	0	950144	1
4925	0	666123	1
4925	0	1168509	1
4925	0	2066048	1
104339	0	1305612	1
104339	0	913975	1
156457	0	156457	2
156457	0	260688	1
284	0	284	2
284	0	893839	1
284	0	1289782	1
34937	0	200960	1
34937	0	2052585	1
76048	0	76048	2
3522	0	27596	1
73430	0	73430	2
73430	0	1914385	1
73430	0	1812180	1
113428	0	27972	1
9399	0	47899	1
9399	0	60142	1
9399	0	1190148	1
2842	0	301699	1
4855	0	4855	2
4855	0	488452	1
4855	0	328166	1
4855	0	1928336	1
4855	0	804473	1
4855	0	621430	1
4855	0	1410326	1
4855	0	2433142	1
4855	0	1525056	1
4855	0	2059255	1
4855	0	475066	1
4855	0	2089625	1
4855	0	857176	1
4855	0	647595	1
4855	0	118278	1
4855	0	78423	1
4855	0	603752	1
4855	0	285980	1
4855	0	782849	1
4855	0	1827897	1
4855	0	1248247	1
4855	0	1417166	1
4855	0	1979526	1
4855	0	2311731	1
4855	0	2424721	1
4855	0	2216001	1
4855	0	1767845	1
4855	0	1372555	1
4855	0	2086574	1
4855	0	2166013	1
4855	0	870098	1
4855	0	601586	1
4855	0	603897	1
4855	0	604428	1
4855	0	2151232	1
4855	0	1546536	1
4855	0	2376397	1
4855	0	586711	1
4855	0	1506329	1
4855	0	1874340	1
4855	0	738703	1
4855	0	814889	1
4855	0	1819906	1
4855	0	2236305	1
4855	0	1494014	1
4855	0	910599	1
4855	0	762281	1
4855	0	172801	1
4855	0	146850	1
4855	0	724898	1
4855	0	341880	1
4855	0	2225197	1
4855	0	688345	1
4855	0	1222354	1
4855	0	1239244	1
4855	0	2177768	1
4855	0	1334508	1
4855	0	1853961	1
4855	0	1011499	1
4855	0	2452515	1
4855	0	1725321	1
4855	0	245159	1
4855	0	118941	1
4855	0	2277426	1
4855	0	1718936	1
4855	0	1031361	1
4855	0	479275	1
4855	0	32219	1
4855	0	2325537	1
4855	0	1132712	1
4855	0	1185215	1
4855	0	2285234	1
4855	0	209073	1
4855	0	2154503	1
4855	0	1272768	1
4855	0	1069126	1
4855	0	2218089	1
4855	0	410038	1
4855	0	1944509	1
4855	0	297988	1
4855	0	943542	1
4855	0	1104788	1
4855	0	1530410	1
4855	0	2176248	1
4855	0	1070276	1
4855	0	943603	1
4855	0	73983	1
4855	0	1342249	1
4855	0	186146	1
4855	0	321898	1
4855	0	383228	1
4855	0	427091	1
4855	0	1123710	1
4855	0	1279647	1
4855	0	86797	1
4855	0	1419247	1
4855	0	1117653	1
4855	0	477896	1
4855	0	790993	1
4855	0	1065268	1
4855	0	726437	1
4855	0	481116	1
4855	0	284754	1
4855	0	526492	1
4855	0	756347	1
4855	0	869153	1
4855	0	461998	1
4855	0	557095	1
4855	0	1513651	1
4855	0	133404	1
4855	0	360638	1
4855	0	1935967	1
4855	0	890045	1
4855	0	1070267	1
4855	0	961670	1
4855	0	672863	1
4855	0	182762	1
4855	0	221748	1
4855	0	1211006	1
4855	0	1671322	1
4855	0	1172732	1
4855	0	164488	1
4855	0	2129742	1
4855	0	2244255	1
4855	0	2219851	1
4855	0	207555	1
4855	0	1349555	1
4855	0	8877	1
4855	0	2059326	1
4855	0	1444777	1
4855	0	1066408	1
4855	0	1167778	1
4855	0	1006781	1
4855	0	1596105	1
4855	0	650912	1
4855	0	1600796	1
4855	0	548092	1
4855	0	795969	1
4855	0	641681	1
4855	0	2452844	1
4855	0	1371178	1
4855	0	324359	1
4855	0	1900946	1
4855	0	529329	1
4855	0	1972918	1
4855	0	1015850	1
4855	0	1069086	1
4855	0	1642934	1
4855	0	2372290	1
4855	0	856429	1
4855	0	1306296	1
4855	0	1776220	1
4855	0	1667652	1
4855	0	1937055	1
4855	0	411225	1
4855	0	1756206	1
4855	0	540130	1
4855	0	1583979	1
4855	0	465450	1
4855	0	294615	1
4855	0	168260	1
4855	0	1120742	1
4855	0	510211	1
4855	0	152736	1
4855	0	2276010	1
4855	0	230851	1
4855	0	1254170	1
4855	0	96230	1
4855	0	141990	1
4855	0	1305166	1
4855	0	284128	1
4855	0	353276	1
4855	0	1556661	1
4855	0	2436336	1
4855	0	1872255	1
4855	0	792057	1
4855	0	1394254	1
4855	0	1057219	1
4855	0	1070185	1
4855	0	707294	1
4855	0	1190779	1
4855	0	910584	1
4855	0	417182	1
4855	0	1070202	1
4855	0	1320784	1
4855	0	135805	1
4855	0	945465	1
4855	0	831085	1
4855	0	1723772	1
4855	0	1734190	1
4855	0	1466989	1
4855	0	1484233	1
4855	0	296788	1
4855	0	1318800	1
4855	0	1571931	1
4855	0	2212568	1
4855	0	271598	1
4855	0	724658	1
4855	0	213962	1
4855	0	554123	1
4855	0	814418	1
4855	0	714067	1
4855	0	984132	1
4855	0	1439370	1
4855	0	2383655	1
4855	0	815403	1
4855	0	607670	1
4855	0	1728004	1
4855	0	456928	1
4855	0	421755	1
4855	0	1326950	1
4855	0	1389664	1
4855	0	2188639	1
4855	0	733536	1
4855	0	1705809	1
4855	0	161998	1
4855	0	910883	1
4855	0	1847656	1
4855	0	2027069	1
4855	0	713203	1
4855	0	529188	1
4855	0	1007429	1
4855	0	75546	1
4855	0	370757	1
4855	0	1016260	1
4855	0	1074653	1
4855	0	740132	1
4855	0	537322	1
4855	0	2391699	1
4855	0	2353248	1
4855	0	652095	1
4855	0	1140710	1
4855	0	1065196	1
4855	0	1975660	1
4855	0	348327	1
4855	0	2054882	1
4855	0	412820	1
4855	0	1586508	1
4855	0	1278630	1
4855	0	447296	1
4855	0	1065912	1
4855	0	339050	1
4855	0	2308005	1
4855	0	1330043	1
4855	0	1871936	1
4855	0	576081	1
4855	0	902407	1
4855	0	771078	1
4855	0	1234481	1
4855	0	1465681	1
4855	0	1248609	1
4855	0	690854	1
4855	0	698989	1
4855	0	1438216	1
4855	0	1213551	1
4855	0	28812	1
4855	0	311243	1
4855	0	1737665	1
4855	0	2186571	1
4855	0	638973	1
4855	0	1488745	1
4855	0	1555080	1
4855	0	1952815	1
4855	0	83492	1
4855	0	1778686	1
4855	0	87385	1
4855	0	626067	1
4855	0	633155	1
4855	0	904421	1
4855	0	2158276	1
4855	0	2039702	1
4855	0	1971915	1
4855	0	834014	1
4855	0	1200870	1
4855	0	1747281	1
4397	0	586806	1
4397	0	2095703	1
4397	0	937238	1
4397	0	1049902	1
1846628	0	2171056	1
75969	0	75969	2
75969	0	1526517	1
75969	0	929439	1
635597	0	2227949	1
635597	0	2228191	1
635597	0	2230013	1
635597	0	2231600	1
2581	0	758963	1
9356	0	1122254	1
22213	0	2222141	1
1250	0	922548	1
1250	0	2359398	1
1250	0	714894	1
1250	0	1908365	1
1250	0	1150605	1
1250	0	2052661	1
1250	0	2262768	1
1250	0	1816522	1
1250	0	1824133	1
1250	0	2053998	1
1250	0	1706636	1
1250	0	1376403	1
1250	0	2240296	1
1250	0	509209	1
1250	0	2445217	1
1250	0	2148292	1
1250	0	2085800	1
1250	0	922429	1
1250	0	921699	1
1250	0	573403	1
1250	0	2350371	1
1250	0	922569	1
1250	0	1646498	1
1250	0	1552842	1
1250	0	2287700	1
1250	0	717827	1
1250	0	877456	1
1250	0	950310	1
1250	0	747155	1
1250	0	1888504	1
1250	0	2284954	1
1250	0	2224968	1
1250	0	1783218	1
1250	0	726289	1
70969	0	70969	2
70969	0	1151181	1
1349	0	1742534	1
1349	0	78423	1
1349	0	2003137	1
1349	0	2222998	1
1349	0	906232	1
1349	0	456928	1
1349	0	1137865	1
6644	0	341009	1
103434	0	995289	1
103434	0	1603271	1
384474	0	2213695	1
384474	0	593696	1
1669212	0	2128934	1
98507	0	472360	1
815972	0	822416	1
815972	0	175227	1
815972	0	103264	1
815972	0	639186	1
5816	0	661039	1
1344825	0	469123	1
1344825	0	1502681	1
1344825	0	1626005	1
1344825	0	942920	1
1344825	0	1447952	1
1344825	0	987340	1
1344825	0	1480433	1
11029	0	1854463	1
11029	0	464386	1
639167	0	1416073	1
254180	0	1945920	1
254180	0	1284850	1
4722	0	1817977	1
4722	0	738989	1
4722	0	2133647	1
4722	0	992763	1
4722	0	1242818	1
4722	0	1713959	1
4722	0	529569	1
4722	0	828176	1
4722	0	1617342	1
159099	0	27690	1
159099	0	168711	1
159099	0	1646846	1
104011	0	1459486	1
104011	0	583580	1
6033	0	6320	1
6033	0	2380532	1
6033	0	605511	1
6033	0	2034297	1
6033	0	2307842	1
6033	0	795199	1
6033	0	1641772	1
6033	0	2395789	1
6033	0	1395459	1
6033	0	2249212	1
6033	0	1316352	1
6033	0	181259	1
6033	0	234304	1
6033	0	1674111	1
6033	0	889324	1
6033	0	353325	1
6033	0	1910892	1
6033	0	1627743	1
6033	0	1466424	1
6033	0	302109	1
6033	0	1810278	1
6033	0	765402	1
6033	0	1544077	1
6033	0	1135829	1
6033	0	2191790	1
6033	0	1218604	1
6033	0	786534	1
6033	0	2011623	1
6033	0	1013061	1
6033	0	876838	1
6033	0	2445078	1
6033	0	540683	1
6033	0	2349038	1
6033	0	2227984	1
6033	0	2073208	1
6033	0	2232663	1
6033	0	875243	1
6033	0	2013046	1
6033	0	1423220	1
6033	0	692662	1
6033	0	2013936	1
6033	0	155718	1
6033	0	1923738	1
6033	0	2315868	1
6033	0	1908517	1
6033	0	2348144	1
6033	0	1872738	1
6033	0	1483505	1
6033	0	1808986	1
6033	0	1619500	1
6033	0	231694	1
14011	0	1484666	1
14011	0	768936	1
14011	0	238355	1
14011	0	691616	1
14011	0	827930	1
14011	0	316086	1
14011	0	1518614	1
14011	0	2386697	1
14011	0	1250620	1
14011	0	738076	1
14011	0	2385383	1
14011	0	189801	1
14011	0	647835	1
14011	0	178070	1
14011	0	516238	1
14011	0	726860	1
14011	0	485593	1
14011	0	290636	1
4616	0	2084577	1
4616	0	1638047	1
4616	0	1677461	1
6482	0	271414	1
310032	0	91666	1
310032	0	1603235	1
25193	0	25193	2
25193	0	36865	1
27720	0	711185	1
37908	0	356363	1
1870966	0	1903198	1
105462	0	2024424	1
105462	0	226799	1
510206	0	896586	1
510206	0	1766764	1
7560	0	1436736	1
7560	0	130525	1
7560	0	1581160	1
7560	0	1979634	1
7560	0	1624239	1
7560	0	1322472	1
7560	0	1050950	1
7560	0	1093003	1
7560	0	725913	1
7560	0	808090	1
7560	0	1144998	1
7560	0	709265	1
7560	0	1313521	1
7560	0	8143	1
7560	0	1289119	1
7560	0	514876	1
7560	0	1660031	1
7560	0	419913	1
7560	0	2069144	1
7560	0	331143	1
7560	0	1584959	1
7560	0	1741481	1
7560	0	447919	1
7560	0	1908658	1
7560	0	434710	1
7560	0	1665948	1
7560	0	2371239	1
7560	0	914899	1
7560	0	1232404	1
7560	0	251816	1
7560	0	554840	1
7560	0	1241893	1
7560	0	805354	1
7560	0	286374	1
7560	0	1295954	1
12705	0	567330	1
12705	0	1246680	1
12705	0	1256243	1
117619	0	1142198	1
305484	0	1267493	1
1090430	0	1499871	1
1268117	0	547773	1
1268117	0	663100	1
1268117	0	2209916	1
1268117	0	2014312	1
1268117	0	1640648	1
1268117	0	147913	1
1268117	0	1065610	1
1268117	0	1361675	1
1268117	0	1296315	1
1268117	0	2108179	1
1268117	0	1147332	1
1268117	0	2276225	1
1268117	0	235147	1
1268117	0	1705095	1
1268117	0	2422650	1
1268117	0	1968529	1
1268117	0	1138042	1
1268117	0	884619	1
1268117	0	1636304	1
1268117	0	1223071	1
1268117	0	2039814	1
1268117	0	2317775	1
1268117	0	2343815	1
1268117	0	2084734	1
1268117	0	1863042	1
1268117	0	2084070	1
1268117	0	146598	1
1268117	0	1519932	1
1268117	0	373859	1
1268117	0	679776	1
1268117	0	1660849	1
1289085	0	278413	1
1289085	0	336620	1
1289085	0	2178443	1
1289085	0	150235	1
1289085	0	1910155	1
1289085	0	1987066	1
1289085	0	1945645	1
1289085	0	1442448	1
1289085	0	2251621	1
1289085	0	584463	1
1289085	0	741672	1
1289085	0	533496	1
1289085	0	1815945	1
1289085	0	1076885	1
1289085	0	1139989	1
1289085	0	649526	1
1289085	0	358944	1
1289085	0	2132083	1
1289085	0	579220	1
1289085	0	1397755	1
1289085	0	1895613	1
1289085	0	2157741	1
1289085	0	135987	1
1289085	0	286905	1
1289085	0	695728	1
1289085	0	1751597	1
1289085	0	592529	1
1289085	0	749529	1
1289085	0	199841	1
1289085	0	1060423	1
1289085	0	1645299	1
1289085	0	971443	1
1289085	0	532512	1
1289085	0	721601	1
1289085	0	676597	1
1289085	0	940984	1
1289085	0	141983	1
1289085	0	102898	1
1289085	0	2294458	1
1289085	0	2336807	1
1289085	0	1698333	1
1289085	0	111207	1
1289085	0	516202	1
1289085	0	415501	1
1289085	0	1370497	1
1289085	0	2255814	1
1289085	0	200834	1
1289085	0	847474	1
1289085	0	1442375	1
1289085	0	1259024	1
1289085	0	1076256	1
1289085	0	266074	1
1289085	0	1185551	1
1289085	0	2073951	1
1289085	0	753560	1
1289085	0	510211	1
1289085	0	283363	1
1289085	0	1791581	1
1289085	0	785298	1
1289085	0	1161083	1
1289085	0	1052348	1
1289085	0	1736016	1
1289085	0	2331937	1
1289085	0	648751	1
1289085	0	1328955	1
1289085	0	1799402	1
1289085	0	2162362	1
1289085	0	442507	1
1289085	0	509646	1
1289085	0	1324006	1
1289085	0	1895344	1
1289085	0	1906802	1
1289085	0	2106077	1
1289085	0	714940	1
1289085	0	1461179	1
1289085	0	738009	1
1289085	0	1092492	1
1289085	0	796247	1
1289085	0	1888299	1
1289085	0	1465681	1
1289085	0	1505882	1
1289085	0	795671	1
1289085	0	1116884	1
1289085	0	2347807	1
1289085	0	619683	1
1289085	0	421318	1
1338779	0	463517	1
24242	0	1430254	1
20898	0	764545	1
20898	0	1667544	1
20898	0	761465	1
20898	0	336637	1
20898	0	685506	1
20898	0	1653352	1
20898	0	541117	1
20898	0	1692697	1
20898	0	1582683	1
20898	0	136598	1
20898	0	73971	1
20898	0	1574107	1
20898	0	805745	1
20898	0	1746997	1
37945	0	701770	1
4085	0	711875	1
2130523	0	1450156	1
18091	0	2086992	1
18091	0	864022	1
18091	0	1562984	1
18091	0	713638	1
19675	0	1016830	1
5400	0	532668	1
5400	0	844056	1
5400	0	6431	1
5400	0	713517	1
1322	0	1109487	1
4720	0	894796	1
25242	0	573245	1
763957	0	763957	2
7407	0	473731	1
83325	0	1926967	1
83325	0	1827355	1
1787	0	1976404	1
1787	0	2444515	1
1787	0	1238230	1
1787	0	452082	1
1787	0	381703	1
1787	0	854898	1
1787	0	666123	1
1787	0	538460	1
1787	0	620420	1
1787	0	2333345	1
112402	0	2439798	1
2986	0	1230566	1
18192	0	1142979	1
85636	0	1702557	1
85636	0	312178	1
26444	0	26444	2
26444	0	1679566	1
26444	0	977237	1
26444	0	2237990	1
134543	0	1486857	1
134543	0	92055	1
923020	0	878757	1
923020	0	271958	1
923020	0	1835567	1
834741	0	2241623	1
184241	0	1154726	1
88748	0	989430	1
391276	0	784084	1
8899	0	1983063	1
8899	0	9011	1
26219	0	1121249	1
26219	0	1555018	1
8938	0	1476086	1
8938	0	1341900	1
8938	0	1043487	1
8938	0	655986	1
8938	0	2088184	1
8938	0	1840228	1
8938	0	1204778	1
8938	0	2303696	1
8938	0	1324994	1
8938	0	239321	1
8938	0	1570924	1
8938	0	451072	1
8938	0	1308374	1
166642	0	731995	1
24861	0	1049954	1
24861	0	2290175	1
75859	0	239868	1
75859	0	2228612	1
6879	0	505675	1
5896	0	1801053	1
5896	0	128331	1
5896	0	319462	1
5002	0	350787	1
226743	0	512874	1
110572	0	110572	2
110572	0	1812256	1
110572	0	881755	1
110572	0	2196557	1
110572	0	426511	1
543	0	862686	1
543	0	1725664	1
208058	0	2193965	1
208058	0	237063	1
208058	0	1781853	1
68416	0	275570	1
12773	0	1079135	1
12773	0	177005	1
1182701	0	1939815	1
1182701	0	1789441	1
13957	0	1672270	1
13957	0	207555	1
13957	0	1668477	1
13957	0	1809541	1
6227	0	2323590	1
6227	0	1982861	1
6227	0	843489	1
119284	0	17402	1
119284	0	119106	1
273555	0	1408082	1
117495	0	1549676	1
117495	0	1443067	1
117495	0	1397489	1
117495	0	368043	1
108269	0	919401	1
108269	0	2349088	1
7026	0	7026	2
165900	0	223007	1
9643	0	15808	1
9643	0	267199	1
9643	0	1711832	1
9643	0	10027	1
9643	0	2217910	1
1515	0	1515	2
1515	0	1246264	1
1515	0	1874607	1
34957	0	2034876	1
88458	0	88458	2
88458	0	1218994	1
88458	0	1263915	1
152413	0	152413	2
152413	0	1725098	1
479595	0	1871437	1
7647	0	1563226	1
7647	0	1204122	1
7647	0	748816	1
7647	0	627742	1
7647	0	1287886	1
7647	0	514469	1
29411	0	857021	1
75908	0	75908	2
75908	0	500013	1
75908	0	761263	1
75908	0	2106131	1
75908	0	561294	1
75908	0	187188	1
75908	0	733143	1
27795	0	1895613	1
2274	0	940587	1
2274	0	1555585	1
2274	0	1358880	1
2274	0	156892	1
2274	0	1383186	1
2274	0	1841602	1
12626	0	1462739	1
207327	0	1562984	1
1274160	0	1274160	2
1274160	0	2409094	1
128712	0	1838004	1
80	0	80	2
80	0	570254	1
80	0	607897	1
120973	0	666049	1
120973	0	2104294	1
206583	0	206583	2
206583	0	2415613	1
206583	0	1023462	1
1365055	0	1455034	1
317887	0	784233	1
740767	0	1096387	1
740767	0	373700	1
740767	0	1426303	1
740767	0	564969	1
740767	0	1836854	1
740767	0	1005030	1
740767	0	1831067	1
740767	0	1111595	1
740767	0	1131145	1
740767	0	1115449	1
740767	0	517686	1
73024	0	466081	1
25238	0	665427	1
25238	0	1073828	1
56872	0	632890	1
56872	0	2073442	1
56872	0	949098	1
56872	0	166727	1
56872	0	725960	1
56872	0	2295966	1
42749	0	795070	1
42749	0	1067556	1
24145	0	1654467	1
24145	0	1674665	1
93598	0	1218604	1
24066	0	1703576	1
24066	0	531981	1
5065	0	313497	1
5065	0	2027422	1
5065	0	671022	1
5065	0	1428797	1
14451	0	441409	1
14451	0	1386449	1
14451	0	902377	1
14451	0	2001604	1
14451	0	1770732	1
301383	0	301383	2
197016	0	1965183	1
197016	0	605099	1
141405	0	155097	1
141405	0	924128	1
141405	0	97119	1
6138	0	2086499	1
26051	0	2342798	1
26051	0	1111900	1
73768	0	933390	1
73768	0	2033530	1
12699	0	12699	2
121064	0	1556146	1
681120	0	584977	1
81877	0	1532510	1
197769	0	2025160	1
197769	0	553624	1
197769	0	568690	1
197769	0	314891	1
197769	0	79109	1
194810	0	194810	2
370139	0	370186	1
370139	0	369736	1
21892	0	2373688	1
21892	0	1648364	1
21892	0	2167925	1
21892	0	1290139	1
21892	0	2380683	1
21892	0	157283	1
77940	0	896538	1
108305	0	1217738	1
108305	0	1072673	1
10456	0	9471	1
10456	0	2366649	1
352646	0	817191	1
352646	0	1756711	1
352646	0	204168	1
762	0	762	2
95338	0	387475	1
422214	0	422214	2
422214	0	1535204	1
10221	0	10221	2
10221	0	1536088	1
22149	0	2356419	1
22149	0	1008775	1
22149	0	2344395	1
22149	0	1284533	1
22149	0	2046697	1
22149	0	1152833	1
22149	0	1163092	1
22149	0	1208042	1
22149	0	1004829	1
22149	0	2402210	1
22149	0	925572	1
22149	0	402685	1
1403468	0	1403468	2
1403468	0	1371261	1
70754	0	373115	1
7353	0	1013081	1
7353	0	1738712	1
7353	0	459926	1
7353	0	1775451	1
79109	0	79109	2
79109	0	1293251	1
79109	0	1263911	1
9106	0	1157017	1
9106	0	1229819	1
9106	0	1730044	1
9106	0	319956	1
9106	0	481752	1
9106	0	57391	1
9106	0	57311	1
9106	0	2196656	1
9106	0	2397296	1
9106	0	881017	1
9106	0	638740	1
9106	0	57448	1
9106	0	2162122	1
9106	0	879493	1
9106	0	57349	1
9106	0	2200110	1
9106	0	1889925	1
9106	0	1772352	1
9106	0	1387133	1
9106	0	2127330	1
2032420	0	2032420	2
2032420	0	626993	1
2032420	0	351465	1
2032420	0	983312	1
2032420	0	298399	1
2032420	0	1633632	1
2032420	0	453494	1
2032420	0	258084	1
2032420	0	1789211	1
2032420	0	963279	1
2032420	0	2359417	1
2032420	0	1017124	1
2032420	0	1873557	1
2032420	0	729054	1
1270810	0	412222	1
1270810	0	1746433	1
102991	0	102991	2
750376	0	789933	1
1194068	0	309428	1
1194068	0	685468	1
764844	0	764844	2
764844	0	2092643	1
764844	0	889896	1
849899	0	811928	1
849899	0	1705551	1
1063349	0	2288961	1
1063349	0	1202166	1
1063349	0	1775461	1
1063349	0	1105244	1
128187	0	128187	2
128187	0	750616	1
1614640	0	961043	1
1614640	0	1425206	1
1614640	0	1208077	1
157369	0	1527957	1
80219	0	2139587	1
80219	0	695728	1
80219	0	313257	1
80219	0	284373	1
80219	0	276379	1
80219	0	350207	1
80219	0	445534	1
1403378	0	2042292	1
146323	0	1013643	1
97591	0	579777	1
97591	0	583322	1
97591	0	553788	1
97591	0	584629	1
80765	0	1823137	1
125608	0	648254	1
125608	0	1267321	1
125608	0	1062897	1
125608	0	1182390	1
125608	0	286519	1
125608	0	114112	1
125608	0	254043	1
125608	0	2268366	1
125608	0	1740790	1
125608	0	2038513	1
81103	0	585822	1
81103	0	865657	1
4334	0	201289	1
4334	0	1124497	1
4334	0	990995	1
4334	0	320772	1
4334	0	515139	1
4334	0	1909993	1
4334	0	1153520	1
4334	0	2396000	1
4334	0	492529	1
4334	0	1831762	1
4334	0	2018497	1
4334	0	262681	1
4334	0	2442518	1
4334	0	296281	1
4334	0	1299155	1
4334	0	2028476	1
4334	0	243613	1
4334	0	761255	1
4334	0	996395	1
4334	0	820080	1
4334	0	1632397	1
4334	0	1482232	1
4334	0	1210255	1
4334	0	1533450	1
4334	0	510486	1
4334	0	3797	1
4334	0	734182	1
4334	0	847156	1
4334	0	2162707	1
4334	0	357353	1
4334	0	2305645	1
4334	0	738385	1
4334	0	26444	1
4334	0	484512	1
4334	0	214585	1
4334	0	203303	1
4334	0	822017	1
4334	0	1316217	1
4334	0	1667335	1
4334	0	872658	1
4334	0	1679566	1
4334	0	951188	1
4334	0	104319	1
4334	0	1588186	1
4334	0	911950	1
4334	0	1302270	1
4334	0	2237990	1
21439	0	526403	1
113621	0	113621	2
113621	0	2448242	1
113621	0	400527	1
113621	0	1603223	1
90496	0	396072	1
2547	0	1517684	1
488858	0	2329388	1
217759	0	217759	2
217759	0	2054862	1
189034	0	2064308	1
90382	0	1919051	1
1662573	0	823208	1
1662573	0	1780076	1
479233	0	307092	1
38035	0	1423598	1
155722	0	1329006	1
70941	0	961207	1
70941	0	1059515	1
88077	0	88077	2
88077	0	749529	1
1683175	0	2427854	1
1683175	0	2427647	1
1683175	0	2262725	1
28823	0	187151	1
28823	0	2386444	1
34394	0	2046014	1
34394	0	1927040	1
34394	0	2047713	1
19625	0	1846945	1
19625	0	2072692	1
19625	0	1849685	1
19625	0	1177495	1
19625	0	2123779	1
19625	0	1918133	1
19625	0	2163245	1
19625	0	264213	1
110332	0	1679934	1
92668	0	833120	1
11644	0	111997	1
11644	0	2113692	1
11644	0	393828	1
11644	0	431118	1
11644	0	2355457	1
11644	0	1751283	1
11644	0	842887	1
11644	0	378793	1
11644	0	1450941	1
11644	0	2347962	1
11644	0	1219161	1
11644	0	998188	1
11644	0	1535251	1
11644	0	1935952	1
11644	0	864584	1
11644	0	430376	1
11644	0	490975	1
11644	0	1869931	1
11644	0	903200	1
11644	0	381290	1
11644	0	586785	1
11644	0	984686	1
11644	0	607466	1
11644	0	1065402	1
11644	0	542755	1
11644	0	2240351	1
11644	0	608404	1
11644	0	390269	1
11644	0	2244876	1
11644	0	1695944	1
11644	0	294705	1
11644	0	2441470	1
11644	0	1135838	1
11644	0	1328722	1
11644	0	374952	1
11644	0	1639166	1
11644	0	345835	1
11644	0	2231188	1
11644	0	2167362	1
11644	0	1273699	1
1731034	0	192689	1
109201	0	1529882	1
86499	0	1783919	1
15015	0	29242	1
15015	0	187115	1
518649	0	1403444	1
1529682	0	1529682	2
1529682	0	768670	1
1529682	0	866000	1
20213	0	528325	1
97540	0	815109	1
97540	0	966321	1
97540	0	966399	1
97540	0	2379370	1
10524	0	2106225	1
10524	0	1685227	1
466077	0	2053042	1
466077	0	2083505	1
374708	0	159397	1
374708	0	2362561	1
129387	0	1943422	1
593570	0	2087916	1
99196	0	1023462	1
32938	0	1151438	1
32938	0	1315114	1
32938	0	1151406	1
9755	0	2113692	1
9755	0	1960018	1
9755	0	2074228	1
9755	0	793229	1
9755	0	914332	1
9755	0	1112603	1
9755	0	247842	1
1421273	0	566817	1
13706	0	1286480	1
226734	0	2005593	1
1640988	0	445831	1
1264172	0	2206687	1
157511	0	157511	2
15277	0	1801053	1
131074	0	1955937	1
131074	0	2042291	1
131074	0	1601641	1
131074	0	2140912	1
131074	0	604166	1
131074	0	2039486	1
131074	0	1916978	1
131074	0	1684558	1
17237	0	968985	1
13326	0	13326	2
13326	0	29580	1
13326	0	184396	1
13326	0	71966	1
1156870	0	1156870	2
1156870	0	1858119	1
25280	0	2166127	1
25280	0	654395	1
25280	0	1587818	1
25280	0	2047388	1
25280	0	2213919	1
25280	0	1718892	1
25280	0	2158938	1
323708	0	182993	1
13016	0	2367305	1
222183	0	195104	1
109940	0	570083	1
109940	0	108612	1
109940	0	161854	1
129732	0	571493	1
118690	0	1445748	1
118690	0	472076	1
179517	0	1060180	1
12198	0	771410	1
12198	0	410335	1
19019	0	2041977	1
19019	0	2002758	1
19019	0	162239	1
319553	0	102369	1
138439	0	138439	2
138439	0	161135	1
35022	0	92055	1
13954	0	896359	1
13954	0	1186499	1
13954	0	918461	1
13954	0	1221047	1
13954	0	807794	1
136151	0	2405066	1
12030	0	1383006	1
12030	0	621164	1
12030	0	1069471	1
12030	0	1738080	1
21583	0	21583	2
15741	0	2336304	1
15741	0	246146	1
15741	0	829464	1
15741	0	2041017	1
15741	0	931549	1
15741	0	790384	1
15741	0	1466134	1
15741	0	2338223	1
15741	0	688114	1
15741	0	940237	1
15741	0	2335789	1
15741	0	1495729	1
15741	0	575724	1
15741	0	1508058	1
15741	0	1741285	1
489	0	534712	1
11435	0	934970	1
11435	0	563824	1
6649	0	6649	2
6649	0	557585	1
6649	0	832386	1
37861	0	279232	1
248820	0	2186768	1
121664	0	176171	1
110662	0	110662	2
110662	0	639776	1
11420	0	11420	2
11420	0	2230913	1
13685	0	1031543	1
13685	0	579908	1
13685	0	408709	1
13685	0	1837022	1
1274158	0	2350486	1
23083	0	23083	2
23083	0	1811978	1
23083	0	2217782	1
23083	0	1293806	1
14139	0	278231	1
14139	0	247229	1
14139	0	850248	1
14139	0	2205132	1
14139	0	837460	1
14139	0	888368	1
166211	0	2363567	1
161907	0	1924751	1
721863	0	1610584	1
110381	0	965118	1
27264	0	1667544	1
27264	0	1138037	1
27264	0	2032326	1
27264	0	426211	1
27264	0	480585	1
27264	0	425488	1
27264	0	426152	1
27264	0	557479	1
27264	0	514125	1
27264	0	499667	1
27264	0	194440	1
27264	0	75509	1
27264	0	1983785	1
27264	0	368247	1
27264	0	1206691	1
672596	0	1767886	1
672596	0	358658	1
37957	0	37957	2
37957	0	1490707	1
108695	0	108695	2
129109	0	1908303	1
129109	0	1433860	1
129109	0	1170018	1
129109	0	1062897	1
129109	0	1570085	1
129109	0	1308120	1
129109	0	1610835	1
129109	0	2038513	1
129109	0	1378064	1
16266	0	1675862	1
399420	0	781676	1
759288	0	866087	1
34119	0	337432	1
34119	0	127600	1
34119	0	245030	1
10963	0	2323347	1
14608	0	1301455	1
283712	0	469721	1
203968	0	233541	1
203968	0	267692	1
7836	0	1615901	1
119662	0	437143	1
119662	0	436953	1
119662	0	119693	1
119662	0	173667	1
140457	0	190665	1
140457	0	2043854	1
140457	0	817793	1
5195	0	1812515	1
100816	0	100816	2
5103	0	2299151	1
5103	0	747155	1
5103	0	1560350	1
429845	0	2289697	1
11072	0	11072	2
11072	0	2034876	1
11072	0	1314723	1
11072	0	660323	1
11072	0	1573765	1
11072	0	1162184	1
11072	0	85605	1
11072	0	2177615	1
11072	0	1012689	1
11072	0	856945	1
11072	0	959478	1
11072	0	1323014	1
11072	0	1533009	1
11072	0	1651952	1
11072	0	508867	1
11072	0	1200421	1
11072	0	1612821	1
11072	0	1170789	1
11072	0	157775	1
11072	0	1351320	1
11072	0	857790	1
11072	0	1952271	1
11072	0	2239248	1
11072	0	151042	1
11072	0	351298	1
11072	0	155916	1
11072	0	1721426	1
11072	0	159974	1
11072	0	1121161	1
11072	0	1665808	1
11072	0	2395424	1
11072	0	919297	1
11072	0	847264	1
11072	0	1230130	1
11072	0	918895	1
11072	0	325907	1
11072	0	288697	1
11072	0	1020924	1
11072	0	125052	1
11072	0	691986	1
11072	0	186746	1
11072	0	1638045	1
11072	0	1457536	1
11072	0	198282	1
11072	0	2113945	1
11072	0	1563142	1
11072	0	1876673	1
11072	0	1017397	1
11072	0	190016	1
11072	0	1110284	1
11072	0	1992433	1
11072	0	243379	1
11072	0	818671	1
11072	0	1901090	1
11072	0	110952	1
11072	0	1964113	1
11072	0	123749	1
11072	0	1570085	1
11072	0	2216786	1
11072	0	1653443	1
11072	0	1360159	1
11072	0	1521899	1
11072	0	853395	1
11072	0	766805	1
11072	0	959987	1
11072	0	961000	1
11072	0	584619	1
11072	0	997322	1
11072	0	1290676	1
11072	0	1274346	1
11072	0	1014023	1
11072	0	1017661	1
11072	0	1100689	1
11072	0	2041681	1
11072	0	1435054	1
11072	0	1828416	1
11072	0	1480554	1
11072	0	435787	1
11072	0	131029	1
11072	0	1140457	1
11072	0	1330325	1
11072	0	112699	1
11072	0	1432797	1
11072	0	1104557	1
11072	0	1797357	1
11072	0	159831	1
11072	0	2295308	1
11072	0	1757363	1
11072	0	959888	1
11072	0	234611	1
11072	0	1017476	1
11072	0	247267	1
11072	0	536825	1
11072	0	203984	1
11072	0	1364320	1
11072	0	1724843	1
11072	0	780337	1
11072	0	1839012	1
11072	0	1886924	1
17962	0	662640	1
17962	0	1720975	1
17962	0	986232	1
8394	0	626952	1
8394	0	358204	1
8394	0	1282089	1
305914	0	2055261	1
665122	0	238820	1
665122	0	1849457	1
665122	0	258150	1
665122	0	1379484	1
665122	0	742384	1
665122	0	825603	1
665122	0	136993	1
665122	0	2218948	1
665122	0	2405841	1
665122	0	2373573	1
13888	0	706538	1
126682	0	2288651	1
172058	0	519194	1
172058	0	1255174	1
172058	0	2192402	1
172058	0	235875	1
172058	0	2079620	1
172058	0	2432892	1
172058	0	2137223	1
55300	0	1428898	1
55300	0	984776	1
55300	0	522930	1
374325	0	283545	1
23079	0	1031914	1
23079	0	38481	1
23079	0	2256244	1
23079	0	195274	1
23079	0	287719	1
23079	0	2130865	1
23079	0	504196	1
23079	0	2035552	1
23079	0	2041868	1
23079	0	1971703	1
23079	0	2285392	1
23079	0	1644596	1
23079	0	2037761	1
23079	0	1896131	1
23079	0	391003	1
23079	0	2188959	1
23079	0	2109317	1
23079	0	836241	1
23079	0	2446812	1
23079	0	1963833	1
23079	0	1500368	1
23079	0	114539	1
23079	0	1915391	1
23079	0	2192040	1
23079	0	2136028	1
23079	0	2102127	1
23079	0	2145676	1
23079	0	750883	1
23079	0	469609	1
23079	0	1130181	1
23079	0	2068469	1
23079	0	2336038	1
23079	0	618397	1
23079	0	1455807	1
23079	0	2354817	1
23079	0	664358	1
23079	0	1862253	1
23079	0	1161686	1
23079	0	1377532	1
23079	0	2070218	1
23079	0	2136966	1
23079	0	2036074	1
23079	0	2327812	1
23079	0	2171160	1
23079	0	2191714	1
23079	0	2074567	1
23079	0	2196813	1
23079	0	2375260	1
23079	0	1801374	1
23079	0	1888096	1
23079	0	850348	1
23079	0	2153357	1
23079	0	2256209	1
23079	0	2321816	1
23079	0	2387617	1
23079	0	2210321	1
23079	0	2391564	1
23079	0	2133991	1
23079	0	2303963	1
23079	0	586633	1
23079	0	1917738	1
23079	0	490205	1
23079	0	2094332	1
23079	0	2047628	1
23079	0	1901571	1
23079	0	835724	1
23079	0	1653436	1
23079	0	2047680	1
23079	0	2135065	1
23079	0	1972568	1
23079	0	667784	1
23079	0	2330484	1
23079	0	2103544	1
23079	0	1859903	1
23079	0	277737	1
23079	0	2290919	1
23079	0	341605	1
23079	0	943360	1
23079	0	610158	1
23079	0	390752	1
23079	0	2088241	1
23079	0	2046350	1
23079	0	1005155	1
23079	0	672316	1
23079	0	693557	1
23079	0	1120661	1
23079	0	1186813	1
23079	0	1059382	1
23079	0	2387359	1
23079	0	680089	1
23079	0	2382013	1
23079	0	1443853	1
23079	0	1617489	1
23079	0	493152	1
23079	0	1007476	1
23079	0	2196860	1
23079	0	1390067	1
2120001	0	2120001	2
2120001	0	1382908	1
114890	0	1367644	1
4831	0	1026201	1
214810	0	1831069	1
214810	0	327894	1
7755	0	76780	1
918270	0	1006746	1
918270	0	1367584	1
918270	0	1723772	1
918270	0	1953299	1
83187	0	83187	2
9865	0	1343527	1
9865	0	2030608	1
122086	0	1773283	1
11428	0	11428	2
11428	0	211766	1
11428	0	2331227	1
11428	0	721361	1
11428	0	625012	1
314278	0	2159943	1
314278	0	1165380	1
314278	0	1809005	1
314278	0	862161	1
1062661	0	1859305	1
1062661	0	2197101	1
1062661	0	2197049	1
1062661	0	2197125	1
1062661	0	2197108	1
1062661	0	2108239	1
503034	0	1929239	1
155036	0	1700277	1
155036	0	1700271	1
155036	0	435611	1
155036	0	1907543	1
155036	0	1700255	1
446428	0	236748	1
446428	0	1251757	1
446428	0	1533139	1
446428	0	2113518	1
446428	0	315739	1
446428	0	569470	1
446428	0	2287700	1
446428	0	212458	1
446428	0	671418	1
10976	0	1838097	1
20434	0	1413190	1
3544	0	3544	2
3544	0	1252766	1
717881	0	516122	1
71381	0	340527	1
245828	0	245828	2
35568	0	1650716	1
35568	0	975666	1
35568	0	1763521	1
35568	0	1300217	1
35568	0	1225026	1
35568	0	1175110	1
35568	0	393778	1
35568	0	1371804	1
35568	0	1347230	1
35568	0	359996	1
35568	0	1104371	1
35568	0	1796337	1
35568	0	1579613	1
35568	0	2258147	1
20021	0	647595	1
606000	0	1135698	1
606000	0	1134765	1
606000	0	136763	1
38408	0	450794	1
114257	0	2091983	1
332492	0	666992	1
332492	0	648542	1
332492	0	637653	1
332492	0	1807338	1
15319	0	1236792	1
229404	0	2261548	1
9603	0	853213	1
9603	0	2082603	1
9603	0	887636	1
9603	0	2084836	1
9603	0	337184	1
9603	0	2098136	1
192096	0	224242	1
192096	0	1810193	1
192096	0	380466	1
77789	0	505442	1
77789	0	385608	1
1313521	0	1313521	2
388950	0	466299	1
1585	0	765324	1
1585	0	1000690	1
1585	0	205107	1
1585	0	668233	1
1585	0	353822	1
1585	0	313803	1
1585	0	2454127	1
1585	0	1251062	1
164723	0	762210	1
9041	0	2302803	1
9041	0	1308792	1
9041	0	1069557	1
88210	0	88210	2
88210	0	1174239	1
88210	0	709313	1
128218	0	128218	2
212288	0	125106	1
211013	0	577386	1
211013	0	2077551	1
211013	0	142438	1
211013	0	2147830	1
438884	0	253250	1
438884	0	635337	1
438884	0	1543189	1
1099352	0	1099352	2
1099352	0	2225330	1
1099352	0	1975670	1
1099352	0	1834161	1
274498	0	725913	1
134029	0	903595	1
134029	0	286176	1
134029	0	1783697	1
134029	0	824590	1
35023	0	356626	1
2402726	0	2119777	1
2938	0	2938	2
2938	0	1325494	1
2938	0	1702239	1
2938	0	483919	1
2938	0	332053	1
809	0	907976	1
809	0	2289425	1
809	0	486073	1
809	0	1914095	1
809	0	1814498	1
809	0	653832	1
809	0	567516	1
809	0	2288961	1
809	0	1245120	1
809	0	1046479	1
809	0	1887225	1
809	0	562834	1
809	0	618083	1
809	0	2012877	1
809	0	1892636	1
809	0	1145850	1
809	0	621124	1
809	0	1202166	1
809	0	2039377	1
809	0	2170930	1
809	0	1426573	1
809	0	554369	1
809	0	2107308	1
809	0	557783	1
809	0	535689	1
809	0	1677943	1
809	0	2283735	1
809	0	777853	1
809	0	1775461	1
809	0	1244411	1
809	0	1587463	1
809	0	2180741	1
809	0	1273239	1
809	0	681999	1
809	0	1659828	1
809	0	643136	1
809	0	1295889	1
809	0	562855	1
809	0	283046	1
809	0	440667	1
809	0	1646978	1
809	0	658636	1
809	0	700110	1
809	0	598499	1
809	0	2000000	1
809	0	1228564	1
809	0	1450257	1
809	0	1105244	1
809	0	791195	1
809	0	1808863	1
809	0	2372146	1
809	0	981290	1
809	0	1160758	1
809	0	514699	1
809	0	1700148	1
809	0	1574743	1
809	0	934167	1
809	0	359024	1
809	0	1892055	1
809	0	935832	1
809	0	618013	1
809	0	1137945	1
35036	0	35036	2
35036	0	1874711	1
89567	0	2037510	1
170548	0	170548	2
22672	0	1428739	1
22672	0	2401229	1
22672	0	2394918	1
22672	0	1428746	1
82044	0	909047	1
20906	0	475387	1
385089	0	916708	1
385089	0	1697384	1
24704	0	1040857	1
2266	0	2388488	1
9454	0	1320947	1
9454	0	1835958	1
9454	0	2363511	1
9454	0	464350	1
211320	0	488489	1
1964	0	902407	1
409207	0	674413	1
232564	0	1265402	1
232564	0	2110527	1
232564	0	1158280	1
232564	0	1444613	1
232564	0	1444396	1
9137	0	2273326	1
9137	0	576365	1
9492	0	608551	1
9492	0	574532	1
497039	0	1987848	1
78081	0	78081	2
78081	0	643541	1
78081	0	188054	1
77289	0	898754	1
7611	0	168538	1
7611	0	263263	1
235972	0	1260258	1
19574	0	1772566	1
19574	0	1236729	1
70946	0	521347	1
70946	0	1070643	1
70946	0	2277895	1
70946	0	192600	1
70946	0	1466297	1
70946	0	191481	1
70946	0	705634	1
70946	0	2207588	1
70946	0	739193	1
956	0	1478166	1
179671	0	441409	1
11448	0	833090	1
11448	0	1876607	1
11448	0	2354924	1
11448	0	420550	1
11448	0	16130	1
11448	0	630308	1
11448	0	223970	1
11448	0	635893	1
11448	0	426776	1
11448	0	621425	1
11448	0	71490	1
11448	0	1613930	1
11448	0	1209780	1
11448	0	415146	1
11448	0	1381211	1
11448	0	139099	1
11448	0	1029169	1
11448	0	452849	1
11448	0	656321	1
11448	0	476036	1
11448	0	2432887	1
11448	0	630530	1
11448	0	789604	1
11448	0	793364	1
11448	0	796094	1
11448	0	895375	1
11448	0	950478	1
11448	0	625849	1
11448	0	783235	1
11448	0	1486047	1
11448	0	1605911	1
11448	0	1722951	1
11448	0	683235	1
11448	0	633970	1
11448	0	1541529	1
11448	0	784643	1
11448	0	1021933	1
11448	0	2182198	1
11448	0	291521	1
11448	0	633821	1
11448	0	2042140	1
11448	0	262161	1
11448	0	267108	1
11448	0	1613923	1
11448	0	1931570	1
11448	0	1207353	1
11448	0	998848	1
11448	0	96883	1
11448	0	71093	1
11448	0	1018259	1
11448	0	401203	1
11448	0	1875707	1
11448	0	547495	1
11448	0	797607	1
11448	0	2005898	1
11448	0	1068954	1
11448	0	1596189	1
11448	0	271202	1
11448	0	558144	1
11448	0	409044	1
11448	0	647883	1
11448	0	891422	1
11448	0	2329077	1
11448	0	1894212	1
11448	0	369942	1
11448	0	527804	1
11448	0	987486	1
11448	0	1396885	1
11448	0	592465	1
11448	0	781185	1
11448	0	1679243	1
11448	0	321059	1
11448	0	1076387	1
11448	0	1564286	1
11448	0	1962250	1
11448	0	2297079	1
11448	0	8877	1
11448	0	451401	1
11448	0	1302215	1
11448	0	163501	1
11448	0	1704941	1
11448	0	1121349	1
11448	0	420267	1
11448	0	942133	1
11448	0	901181	1
11448	0	631111	1
11448	0	1483085	1
11448	0	1859201	1
11448	0	366411	1
11448	0	184378	1
11448	0	2012913	1
11448	0	448357	1
11448	0	626033	1
11448	0	1116939	1
11448	0	635827	1
11448	0	893155	1
11448	0	477338	1
11448	0	317308	1
11448	0	1787160	1
11448	0	1271292	1
11448	0	1397577	1
11448	0	1621928	1
11448	0	913034	1
11448	0	773453	1
11448	0	111318	1
11448	0	802933	1
11448	0	1585301	1
11448	0	1783011	1
11448	0	372724	1
11448	0	219227	1
11448	0	295196	1
11448	0	2051149	1
11448	0	2107170	1
11448	0	771348	1
11448	0	159677	1
11448	0	816264	1
11448	0	289466	1
11448	0	741228	1
11448	0	1626590	1
11448	0	1456248	1
11448	0	708326	1
11448	0	1494214	1
11448	0	318115	1
11448	0	807032	1
11448	0	709769	1
11448	0	842269	1
11448	0	2412042	1
11448	0	721740	1
11448	0	580123	1
11448	0	683408	1
11448	0	647019	1
11448	0	1323179	1
11448	0	419339	1
11448	0	1150037	1
11448	0	1375674	1
11448	0	1156705	1
11448	0	800436	1
11448	0	545509	1
11448	0	73315	1
11448	0	1478198	1
11448	0	2128228	1
11448	0	1011578	1
11448	0	643158	1
11448	0	650047	1
11448	0	1581402	1
11448	0	190163	1
11448	0	2179609	1
11448	0	384719	1
11448	0	788618	1
805510	0	1795223	1
36957	0	36957	2
36957	0	2087281	1
23327	0	23327	2
19017	0	1151438	1
19017	0	294615	1
19017	0	680106	1
344485	0	146734	1
344485	0	2366519	1
344485	0	499645	1
344485	0	1621048	1
1558158	0	1558158	2
1558158	0	474454	1
76587	0	76587	2
76587	0	1016531	1
26910	0	455553	1
26910	0	1006067	1
26910	0	2359417	1
26910	0	799044	1
26910	0	403976	1
1148665	0	2105398	1
1932345	0	2381150	1
1932345	0	1676877	1
1932345	0	1756548	1
555050	0	1918111	1
555050	0	2267509	1
73560	0	623221	1
73560	0	267420	1
151629	0	1295636	1
23266	0	1926951	1
23266	0	2303730	1
23266	0	873642	1
4647	0	1195227	1
101622	0	2194933	1
112935	0	707090	1
112935	0	708048	1
112935	0	710264	1
27673	0	2124149	1
27673	0	2120239	1
105401	0	1755714	1
843489	0	843489	2
843489	0	764954	1
36683	0	36683	2
36683	0	680272	1
15712	0	252662	1
15712	0	263751	1
15712	0	536671	1
14076	0	14076	2
9681	0	628631	1
6502	0	1637068	1
6502	0	130182	1
15420	0	108695	1
15420	0	1940210	1
84194	0	1808020	1
133570	0	1248129	1
133570	0	1949179	1
1357000	0	2377899	1
205081	0	936116	1
205081	0	2164133	1
205081	0	855127	1
205081	0	324553	1
205081	0	1397653	1
205081	0	843299	1
205081	0	887674	1
205081	0	914825	1
205081	0	1279245	1
15850	0	401203	1
197853	0	197853	2
14293	0	1078880	1
14293	0	1103005	1
14293	0	1302995	1
14293	0	686475	1
14293	0	1405093	1
14293	0	565446	1
14293	0	646674	1
14293	0	1828483	1
14293	0	2162096	1
457924	0	457924	2
128345	0	640244	1
1407356	0	30301	1
1407356	0	1079135	1
1407356	0	29076	1
1407356	0	205018	1
1407356	0	29541	1
1407356	0	1787859	1
1407356	0	590	1
1407356	0	29653	1
1407356	0	1285534	1
1407356	0	29838	1
1407356	0	1426422	1
1407356	0	751555	1
1407356	0	177471	1
1407356	0	31168	1
1407356	0	30032	1
103335	0	790544	1
23918	0	2431041	1
269840	0	629221	1
161933	0	161933	2
20681	0	307253	1
20681	0	1351668	1
20681	0	1087143	1
90437	0	1829711	1
90437	0	1245720	1
90437	0	144056	1
90437	0	779552	1
90437	0	1797083	1
129948	0	2307459	1
126860	0	112976	1
9765	0	9765	2
2113	0	1044169	1
2113	0	948107	1
2113	0	780626	1
2113	0	1021053	1
2113	0	1160500	1
2113	0	688541	1
2113	0	2336608	1
2113	0	1336678	1
2113	0	590321	1
2113	0	2308833	1
2113	0	822860	1
2113	0	894414	1
2113	0	1369194	1
2113	0	829650	1
2113	0	1426573	1
2113	0	1256315	1
2113	0	1103299	1
2113	0	1959820	1
2113	0	1492611	1
2113	0	1838793	1
2113	0	570732	1
2113	0	1051053	1
2113	0	1098233	1
2113	0	1796089	1
2113	0	821194	1
2113	0	1083643	1
2113	0	1395855	1
2113	0	1746821	1
2113	0	1909374	1
2113	0	1015979	1
2113	0	2352159	1
2113	0	2213425	1
2113	0	1923318	1
2113	0	2412042	1
2113	0	2005303	1
2113	0	1336655	1
2113	0	916746	1
2113	0	1902754	1
2113	0	1928083	1
748790	0	876558	1
748790	0	1814994	1
17645	0	519203	1
108913	0	959186	1
88958	0	206354	1
15351	0	100134	1
396742	0	396742	2
396742	0	1863419	1
182986	0	182986	2
35538	0	184153	1
14314	0	998585	1
479034	0	479034	2
22120	0	248748	1
22120	0	324875	1
22120	0	150498	1
488649	0	424478	1
488649	0	1930154	1
133309	0	1285277	1
102670	0	1575602	1
102670	0	399640	1
233552	0	401563	1
92119	0	92119	2
92119	0	2178443	1
92119	0	2310975	1
92119	0	2430534	1
92119	0	183691	1
92119	0	236486	1
92119	0	1338999	1
92119	0	2174173	1
92119	0	1890461	1
92119	0	1855091	1
92119	0	236604	1
92119	0	2056873	1
79532	0	845228	1
146760	0	2046877	1
146760	0	1297672	1
8877	0	8877	2
8877	0	835176	1
8877	0	2225197	1
8877	0	1725321	1
8877	0	1484197	1
8877	0	4855	1
8877	0	308832	1
8877	0	792057	1
8877	0	1573326	1
8877	0	1026094	1
448	0	1098013	1
2473	0	1924943	1
2473	0	1390883	1
2473	0	2112747	1
2473	0	1015622	1
2473	0	1974215	1
2473	0	271218	1
2473	0	1499335	1
2473	0	354416	1
164285	0	164285	2
164285	0	2272456	1
164285	0	557506	1
11145	0	2054342	1
1407349	0	1334665	1
9379	0	2274110	1
9379	0	789738	1
1909580	0	2266610	1
10329	0	506869	1
10329	0	423691	1
10329	0	2370576	1
18137	0	18137	2
18137	0	720762	1
18137	0	1858957	1
13676	0	1464668	1
26442	0	1368545	1
6326	0	544811	1
6326	0	615840	1
75046	0	758074	1
746557	0	971484	1
746557	0	446280	1
746557	0	2030637	1
746557	0	2139336	1
746557	0	487652	1
746557	0	28481	1
746557	0	521996	1
746557	0	467829	1
746557	0	759594	1
746557	0	2326458	1
746557	0	2183286	1
746557	0	2369964	1
15463	0	2253696	1
15463	0	2341883	1
15463	0	146850	1
15463	0	2036394	1
15463	0	707294	1
15463	0	1466989	1
15463	0	724658	1
15463	0	714067	1
15463	0	1975660	1
22402	0	1761835	1
23936	0	1667544	1
23936	0	1838004	1
23936	0	734931	1
23936	0	450017	1
23936	0	165162	1
23936	0	283703	1
23936	0	505380	1
23936	0	2092028	1
23936	0	1372803	1
23936	0	1695808	1
32442	0	1686988	1
103543	0	103543	2
103543	0	1009692	1
103543	0	73053	1
7276	0	1491150	1
7276	0	1080344	1
7276	0	1963597	1
7276	0	2054862	1
7276	0	2353570	1
7276	0	2155033	1
7276	0	950804	1
7276	0	1943267	1
7276	0	782995	1
7276	0	2014571	1
7276	0	307808	1
7276	0	994534	1
7276	0	584820	1
7276	0	1079989	1
7276	0	1318582	1
7276	0	860750	1
7276	0	132820	1
7276	0	1459909	1
7276	0	1326950	1
7276	0	217759	1
5590	0	304336	1
8882	0	482034	1
8882	0	356363	1
8882	0	159885	1
81156	0	221065	1
189807	0	1821713	1
189807	0	1635856	1
87882	0	87882	2
87882	0	927280	1
87882	0	1343395	1
17047	0	1088535	1
17047	0	1036062	1
17047	0	126429	1
17047	0	258419	1
864775	0	768268	1
864775	0	1348100	1
864775	0	236861	1
864775	0	299021	1
864775	0	824287	1
864775	0	942123	1
864775	0	1733851	1
864775	0	2158358	1
864775	0	1907478	1
864775	0	518488	1
864775	0	872604	1
864775	0	2104125	1
864775	0	2011336	1
167358	0	2304134	1
25611	0	1772330	1
213595	0	2441915	1
213595	0	2229279	1
213595	0	2050775	1
2175	0	412533	1
2175	0	2053081	1
2175	0	2280168	1
2175	0	637868	1
2175	0	2005593	1
21907	0	920636	1
21907	0	1447116	1
781	0	2032612	1
781	0	1422917	1
781	0	174740	1
781	0	72467	1
1584920	0	1465925	1
187188	0	187188	2
358658	0	358658	2
358658	0	1219255	1
8610	0	1485689	1
8610	0	1729345	1
8610	0	1504775	1
8610	0	1410513	1
97945	0	97945	2
97945	0	1582282	1
80187	0	1260444	1
80187	0	945129	1
1310225	0	2406075	1
254991	0	1248603	1
91502	0	91502	2
91502	0	1772566	1
91502	0	944171	1
1205882	0	1546593	1
1205882	0	1241285	1
1205882	0	1561183	1
1205882	0	1704505	1
1205882	0	2119880	1
88824	0	824790	1
120183	0	1835958	1
106926	0	1729345	1
4383	0	1681668	1
4383	0	155757	1
4383	0	824015	1
4383	0	583250	1
4383	0	1335268	1
4383	0	2261624	1
4383	0	407339	1
4383	0	582954	1
4383	0	530698	1
4383	0	1858957	1
1313596	0	421067	1
1313596	0	461244	1
1313596	0	89037	1
1522224	0	1522224	2
1522224	0	982831	1
1522224	0	1860296	1
1522224	0	1685239	1
25771	0	1601048	1
23005	0	527342	1
23005	0	1167137	1
23005	0	263652	1
23005	0	1167138	1
23005	0	611534	1
23005	0	542879	1
23005	0	1649268	1
23005	0	991641	1
5326	0	2019918	1
98483	0	577697	1
98483	0	1990119	1
98483	0	677109	1
5558	0	1466067	1
5558	0	1701152	1
5558	0	1515172	1
5558	0	266391	1
5558	0	517787	1
5558	0	813803	1
5558	0	520655	1
5558	0	879184	1
5558	0	693569	1
5558	0	1349000	1
5558	0	455715	1
13571	0	1323862	1
13571	0	2319511	1
13571	0	2188894	1
13571	0	2026712	1
13571	0	2081249	1
13571	0	2083505	1
13571	0	1814260	1
13571	0	1335970	1
1953248	0	2084862	1
1749453	0	1900391	1
697193	0	1283366	1
697193	0	2312649	1
697193	0	534282	1
697193	0	716535	1
697193	0	1313	1
697193	0	1475181	1
697193	0	832930	1
697193	0	11680	1
697193	0	1207053	1
697193	0	1833884	1
697193	0	1429611	1
697193	0	2129241	1
697193	0	2355040	1
697193	0	2296734	1
697193	0	1631639	1
697193	0	2303696	1
697193	0	91385	1
697193	0	1753890	1
697193	0	1401738	1
697193	0	1837440	1
697193	0	1929584	1
697193	0	1754346	1
697193	0	237965	1
697193	0	406383	1
697193	0	162979	1
697193	0	578750	1
260827	0	1905931	1
228427	0	1426467	1
2265093	0	1578111	1
2265093	0	2255019	1
9140	0	394016	1
9140	0	468506	1
9140	0	949003	1
9140	0	2187607	1
9140	0	2268862	1
9140	0	1649268	1
9140	0	160123	1
157866	0	711347	1
157866	0	1677723	1
157866	0	1617515	1
29173	0	1255701	1
29173	0	1248652	1
29173	0	1106266	1
29173	0	1161048	1
29173	0	1249664	1
29173	0	1247729	1
29173	0	1808681	1
29173	0	1259220	1
1695677	0	2418582	1
23286	0	124664	1
23286	0	127600	1
23286	0	168428	1
23286	0	906019	1
23286	0	245030	1
23286	0	1800026	1
22243	0	173140	1
22243	0	173144	1
1242724	0	1900623	1
1242724	0	2362613	1
1242724	0	196048	1
1242724	0	1704497	1
1242724	0	266196	1
1242724	0	960355	1
1242724	0	768217	1
1242724	0	796670	1
1242724	0	755539	1
1242724	0	1096901	1
1242724	0	264087	1
1242724	0	114246	1
1242724	0	1408070	1
1242724	0	1802084	1
1242724	0	1963244	1
1242724	0	95143	1
1242724	0	833496	1
179918	0	179918	2
5757	0	846293	1
1070	0	490294	1
982	0	1752963	1
982	0	1455807	1
982	0	1954287	1
982	0	2414609	1
982	0	1464054	1
982	0	764164	1
982	0	871440	1
982	0	2195304	1
982	0	1323557	1
597692	0	652322	1
128473	0	2132911	1
128473	0	977657	1
128473	0	1024585	1
613031	0	1902504	1
76166	0	102426	1
76166	0	195396	1
418014	0	418014	2
129417	0	129417	2
129417	0	2394168	1
88916	0	394687	1
505866	0	1998074	1
2316294	0	2340248	1
27064	0	27064	2
27064	0	766917	1
27064	0	199841	1
27797	0	2132083	1
27797	0	320729	1
13944	0	13944	2
13944	0	326874	1
13944	0	1355289	1
13944	0	1316519	1
13944	0	67980	1
13944	0	67959	1
13944	0	1480720	1
13944	0	1175739	1
13944	0	1215575	1
13944	0	67881	1
13944	0	68042	1
13944	0	1485409	1
34959	0	1273918	1
34959	0	915996	1
256206	0	1015288	1
256206	0	1459912	1
136688	0	263751	1
116506	0	1813218	1
116506	0	857631	1
989455	0	1981590	1
19163	0	277184	1
19163	0	660855	1
221624	0	908898	1
108857	0	2394531	1
123005	0	1024585	1
123776	0	1156131	1
876550	0	876550	2
605577	0	1347869	1
57935	0	50844	1
30539	0	2285234	1
150848	0	1938337	1
150848	0	2330434	1
128382	0	2045239	1
128382	0	335824	1
4330	0	1436720	1
4330	0	2445392	1
4330	0	936815	1
4330	0	2374850	1
4330	0	2341442	1
4330	0	389696	1
4330	0	2032430	1
4330	0	1119813	1
4330	0	1851995	1
4330	0	1216996	1
4330	0	727980	1
4330	0	827344	1
4330	0	206603	1
4330	0	371315	1
4330	0	633896	1
4330	0	2375507	1
4330	0	516710	1
4330	0	2244979	1
4330	0	2377808	1
4330	0	775905	1
4330	0	1968381	1
4330	0	126459	1
4330	0	214333	1
4330	0	2188101	1
4330	0	2004357	1
4330	0	2326634	1
4330	0	2176189	1
4330	0	1328587	1
4330	0	556671	1
4330	0	1563875	1
4330	0	1031084	1
4330	0	740636	1
4330	0	2444633	1
4330	0	909728	1
4330	0	839078	1
4330	0	1564369	1
4330	0	2392521	1
4330	0	853793	1
4330	0	793248	1
4330	0	1905290	1
4330	0	2010292	1
4330	0	2048983	1
4330	0	1748752	1
4330	0	441837	1
4330	0	750553	1
4330	0	485373	1
4330	0	488466	1
4330	0	878757	1
4330	0	748213	1
4330	0	2412304	1
4330	0	1731618	1
4330	0	1302468	1
4330	0	1185901	1
4330	0	1338647	1
4330	0	1026445	1
4330	0	1541852	1
4330	0	1392106	1
4330	0	923202	1
4330	0	1966836	1
4330	0	1446834	1
4330	0	656321	1
4330	0	2012175	1
4330	0	309081	1
4330	0	1882338	1
4330	0	1705853	1
4330	0	1046388	1
4330	0	1840777	1
4330	0	323856	1
4330	0	1287461	1
4330	0	2118999	1
4330	0	1499802	1
4330	0	863312	1
4330	0	1017041	1
4330	0	1532510	1
4330	0	1615592	1
4330	0	1543902	1
4330	0	561018	1
4330	0	847372	1
4330	0	1328939	1
4330	0	682229	1
4330	0	2213839	1
4330	0	2018105	1
4330	0	2324251	1
4330	0	1013750	1
4330	0	1365980	1
4330	0	1438276	1
4330	0	1025749	1
4330	0	1817501	1
4330	0	2129977	1
4330	0	2082568	1
4330	0	589324	1
4330	0	475353	1
4330	0	1105129	1
4330	0	1854907	1
4330	0	1242101	1
4330	0	850048	1
4330	0	919675	1
4330	0	1761070	1
4330	0	1588598	1
4330	0	423776	1
4330	0	1860206	1
4330	0	1720222	1
4330	0	1075131	1
4330	0	1376048	1
4330	0	838558	1
4330	0	1323227	1
4330	0	378233	1
4330	0	1438277	1
4330	0	1438928	1
4330	0	269241	1
4330	0	1654064	1
4330	0	2039228	1
4330	0	574186	1
4330	0	1988304	1
4330	0	280567	1
4330	0	1044739	1
4330	0	420744	1
4330	0	766862	1
4330	0	298934	1
4330	0	1134523	1
4330	0	920009	1
4330	0	1640934	1
4330	0	1021933	1
4330	0	1810278	1
4330	0	1827596	1
4330	0	1065984	1
4330	0	2338812	1
4330	0	821520	1
4330	0	1693774	1
4330	0	1087930	1
4330	0	2102750	1
4330	0	897450	1
4330	0	2116531	1
4330	0	1010316	1
4330	0	1007099	1
4330	0	141483	1
4330	0	1393867	1
4330	0	717269	1
4330	0	2069372	1
4330	0	1485844	1
4330	0	2252395	1
4330	0	2184065	1
4330	0	793343	1
4330	0	2341127	1
4330	0	771412	1
4330	0	1919549	1
4330	0	1939354	1
4330	0	574648	1
4330	0	1036147	1
4330	0	1749739	1
4330	0	1762147	1
4330	0	387418	1
4330	0	1342576	1
4330	0	1811136	1
4330	0	1648800	1
4330	0	920568	1
4330	0	1289092	1
4330	0	876558	1
4330	0	829650	1
4330	0	1943267	1
4330	0	1863837	1
4330	0	1055439	1
4330	0	2072135	1
4330	0	1226102	1
4330	0	1418091	1
4330	0	2142549	1
4330	0	1717815	1
4330	0	807407	1
4330	0	1456889	1
4330	0	2063135	1
4330	0	2248785	1
4330	0	1957248	1
4330	0	2303980	1
4330	0	2392808	1
4330	0	1395859	1
4330	0	2112015	1
4330	0	1057432	1
4330	0	1170362	1
4330	0	1941607	1
4330	0	1771835	1
4330	0	1839207	1
4330	0	2280107	1
4330	0	2022295	1
4330	0	1121874	1
4330	0	2208741	1
4330	0	1767922	1
4330	0	659544	1
4330	0	2294695	1
4330	0	890045	1
4330	0	1881098	1
4330	0	2205978	1
4330	0	744375	1
4330	0	1931742	1
4330	0	1329990	1
4330	0	1535882	1
4330	0	1671322	1
4330	0	1975039	1
4330	0	882488	1
4330	0	593696	1
4330	0	1169501	1
4330	0	1749625	1
4330	0	1632863	1
4330	0	1372037	1
4330	0	618666	1
4330	0	773721	1
4330	0	2340454	1
4330	0	1344268	1
4330	0	375169	1
4330	0	1484120	1
4330	0	682333	1
4330	0	1034785	1
4330	0	2053222	1
4330	0	1127233	1
4330	0	995287	1
4330	0	1894480	1
4330	0	1048386	1
4330	0	787405	1
4330	0	2067261	1
4330	0	867587	1
4330	0	1718119	1
4330	0	1098233	1
4330	0	1904049	1
4330	0	1283132	1
4330	0	1336499	1
4330	0	1238106	1
4330	0	729979	1
4330	0	1028122	1
4330	0	1834723	1
4330	0	127159	1
4330	0	2023701	1
4330	0	573542	1
4330	0	2292899	1
4330	0	350334	1
4330	0	881874	1
4330	0	2307172	1
4330	0	1932784	1
4330	0	1969074	1
4330	0	784084	1
4330	0	1871897	1
4330	0	786561	1
4330	0	1495714	1
4330	0	814071	1
4330	0	1743412	1
4330	0	1741206	1
4330	0	1083141	1
4330	0	1002588	1
4330	0	1050117	1
4330	0	2037026	1
4330	0	1617901	1
4330	0	184416	1
4330	0	1282364	1
4330	0	950144	1
4330	0	2387246	1
4330	0	1541251	1
4330	0	749442	1
4330	0	1459378	1
4330	0	2378328	1
4330	0	1837886	1
4330	0	794911	1
4330	0	294064	1
4330	0	1441839	1
4330	0	895340	1
4330	0	1729669	1
4330	0	1277335	1
4330	0	2329555	1
4330	0	942123	1
4330	0	617199	1
4330	0	2181040	1
4330	0	742210	1
4330	0	1470667	1
4330	0	2254835	1
4330	0	2074682	1
4330	0	1506423	1
4330	0	352752	1
4330	0	875214	1
4330	0	185620	1
4330	0	1914744	1
4330	0	883458	1
4330	0	1156300	1
4330	0	1285931	1
4330	0	1299726	1
4330	0	1345080	1
4330	0	879076	1
4330	0	1648602	1
4330	0	1147839	1
4330	0	908751	1
4330	0	453073	1
4330	0	715083	1
4330	0	908316	1
4330	0	1219255	1
4330	0	996649	1
4330	0	1180291	1
4330	0	1442787	1
4330	0	1640324	1
4330	0	2444512	1
4330	0	813733	1
4330	0	1908611	1
4330	0	2347944	1
4330	0	2404625	1
4330	0	1064539	1
4330	0	2244876	1
4330	0	1034143	1
4330	0	741041	1
4330	0	1247045	1
4330	0	1479463	1
4330	0	253359	1
4330	0	449913	1
4330	0	1997748	1
4330	0	2183654	1
4330	0	539854	1
4330	0	1324994	1
4330	0	2426939	1
4330	0	510037	1
4330	0	1334850	1
4330	0	2139010	1
4330	0	1083492	1
4330	0	1814683	1
4330	0	1192605	1
4330	0	896268	1
4330	0	1975547	1
4330	0	1580168	1
4330	0	1496530	1
4330	0	1603271	1
4330	0	376736	1
4330	0	814418	1
4330	0	1631766	1
4330	0	1212750	1
4330	0	1073077	1
4330	0	1631576	1
4330	0	271958	1
4330	0	2070068	1
4330	0	1215233	1
4330	0	1102698	1
4330	0	931306	1
4330	0	734247	1
4330	0	1105512	1
4330	0	2189228	1
4330	0	964881	1
4330	0	1876206	1
4330	0	1238600	1
4330	0	2210307	1
4330	0	1240642	1
4330	0	517599	1
4330	0	1033318	1
4330	0	1116302	1
4330	0	979527	1
4330	0	1097809	1
4330	0	873077	1
4330	0	126678	1
4330	0	1535799	1
4330	0	491676	1
4330	0	1205517	1
4330	0	1479860	1
4330	0	2145405	1
4330	0	905896	1
4330	0	2053124	1
4330	0	2425417	1
4330	0	219980	1
4330	0	688922	1
4330	0	2244006	1
4330	0	1493471	1
4330	0	732799	1
4330	0	2402501	1
4330	0	1108768	1
4330	0	537584	1
4330	0	2150955	1
4330	0	735693	1
4330	0	2275929	1
4330	0	2369764	1
4330	0	1454576	1
4330	0	1291833	1
4330	0	1411079	1
4330	0	1697384	1
4330	0	1545647	1
4330	0	1863279	1
4330	0	912124	1
4330	0	894567	1
4330	0	2403172	1
4330	0	701770	1
4330	0	1699856	1
4330	0	190898	1
4330	0	766543	1
4330	0	2191702	1
4330	0	829171	1
4330	0	690229	1
4330	0	2018407	1
4330	0	2418224	1
4330	0	1375674	1
4330	0	959343	1
4330	0	2069941	1
4330	0	1284850	1
4330	0	713560	1
4330	0	1860861	1
4330	0	1002193	1
4330	0	1310084	1
4330	0	1229261	1
4330	0	251489	1
4330	0	401847	1
4330	0	2097230	1
4330	0	1379780	1
4330	0	545509	1
4330	0	1087557	1
4330	0	1116870	1
4330	0	1199613	1
4330	0	2450961	1
4330	0	2428857	1
4330	0	2174408	1
4330	0	1581402	1
4330	0	969657	1
4330	0	1495027	1
4330	0	1008132	1
4330	0	1417504	1
4330	0	1410959	1
4330	0	737490	1
4330	0	2272128	1
4330	0	270041	1
4330	0	705407	1
4330	0	1812219	1
4330	0	1462447	1
4330	0	2271815	1
4330	0	1210113	1
4330	0	2402397	1
4330	0	1923768	1
71489	0	85741	1
25712	0	301441	1
25712	0	1227612	1
25712	0	1215685	1
25712	0	125487	1
25712	0	80512	1
25712	0	823439	1
25712	0	122179	1
25712	0	610055	1
92229	0	1267642	1
92229	0	601478	1
92229	0	786079	1
8880	0	1019762	1
8880	0	634942	1
8880	0	616668	1
8880	0	171750	1
8880	0	229732	1
8880	0	860119	1
8880	0	191264	1
8880	0	1109937	1
8880	0	778390	1
8880	0	538417	1
8880	0	1766145	1
84843	0	906564	1
206994	0	1292134	1
206994	0	1814970	1
136518	0	181259	1
136518	0	2182953	1
136518	0	2446464	1
136518	0	875243	1
1319358	0	2282260	1
13201	0	352558	1
271144	0	311910	1
209566	0	1425359	1
209566	0	289466	1
84172	0	565609	1
11439	0	301148	1
91304	0	2383473	1
91304	0	540938	1
91304	0	1619500	1
1469459	0	2109425	1
7545	0	205080	1
7545	0	941904	1
7545	0	1660862	1
7545	0	350483	1
7545	0	1734271	1
7545	0	1468307	1
7545	0	1422848	1
7545	0	1565303	1
7545	0	2010115	1
7545	0	1165380	1
7545	0	970384	1
7545	0	675210	1
7545	0	303683	1
7545	0	1379646	1
7545	0	2401493	1
7545	0	1663108	1
7545	0	1547958	1
7545	0	1287963	1
56289	0	252905	1
545847	0	2427854	1
545847	0	2427647	1
545847	0	2262725	1
128064	0	2139139	1
3855	0	210428	1
3855	0	1141360	1
3855	0	1141403	1
28306	0	1660862	1
28306	0	1734271	1
28306	0	1422848	1
28306	0	982769	1
28306	0	1663108	1
32557	0	1948302	1
9172	0	766917	1
9172	0	2178443	1
9172	0	1223810	1
9172	0	487056	1
9172	0	1088535	1
9172	0	194897	1
9172	0	773518	1
9172	0	573626	1
9172	0	1384183	1
9172	0	2310975	1
9172	0	1357235	1
9172	0	303768	1
9172	0	1099746	1
9172	0	1207718	1
9172	0	1927125	1
9172	0	2132083	1
9172	0	1895613	1
9172	0	191610	1
9172	0	2430534	1
9172	0	1384278	1
9172	0	645669	1
9172	0	1116728	1
9172	0	320729	1
9172	0	1680064	1
9172	0	651809	1
9172	0	745504	1
9172	0	1508545	1
9172	0	540465	1
9172	0	1231092	1
9172	0	199841	1
9172	0	1601048	1
9172	0	446329	1
9172	0	392796	1
9172	0	1135245	1
9172	0	92119	1
9172	0	557801	1
9172	0	126429	1
9172	0	567340	1
9172	0	1359165	1
9172	0	733935	1
9172	0	258419	1
9172	0	1066208	1
9172	0	1338999	1
9172	0	732858	1
9172	0	2174173	1
9172	0	630808	1
9172	0	565609	1
9172	0	2322241	1
9172	0	1528866	1
9172	0	1624557	1
9172	0	1530143	1
9172	0	2331937	1
9172	0	147219	1
9172	0	2175327	1
9172	0	191594	1
9172	0	883105	1
9172	0	2308191	1
9172	0	1362228	1
9172	0	569275	1
9172	0	1663259	1
783967	0	2449875	1
17565	0	164543	1
72102	0	1106945	1
72102	0	1058345	1
72102	0	534002	1
810570	0	363968	1
810570	0	2201096	1
19697	0	19697	2
19697	0	1841028	1
19697	0	2131563	1
19697	0	2411629	1
19697	0	2084858	1
113048	0	1736057	1
113048	0	388342	1
113048	0	1674074	1
389537	0	1980889	1
389537	0	389581	1
27885	0	488436	1
27885	0	631518	1
27885	0	1136306	1
79893	0	1454364	1
79893	0	2255227	1
79893	0	2126868	1
79893	0	2365607	1
619318	0	2262025	1
2107240	0	1215230	1
5719	0	244524	1
5719	0	406574	1
5719	0	2297898	1
5719	0	365519	1
5719	0	1800087	1
5719	0	736580	1
5719	0	1558900	1
5719	0	715517	1
5719	0	646084	1
5719	0	1540567	1
5719	0	1599272	1
5719	0	1235626	1
5719	0	1238904	1
5719	0	479375	1
5719	0	636447	1
5719	0	857555	1
5719	0	1444367	1
5719	0	452405	1
5719	0	669727	1
5719	0	1032844	1
5719	0	826866	1
5719	0	112620	1
5719	0	529810	1
5719	0	1656363	1
2614	0	1694514	1
2614	0	1092615	1
2614	0	2287255	1
2614	0	205107	1
2614	0	1243258	1
2614	0	626952	1
2614	0	1370497	1
2614	0	500598	1
2614	0	1099986	1
2614	0	1562672	1
2614	0	1299243	1
2614	0	353822	1
1855447	0	1872089	1
1855447	0	1833087	1
2326	0	699468	1
2326	0	176426	1
2326	0	1242764	1
2326	0	2090022	1
2326	0	1317462	1
2326	0	1065015	1
2326	0	197420	1
2326	0	1069412	1
2326	0	1389864	1
2326	0	208847	1
2326	0	1125268	1
2326	0	424825	1
2326	0	1984098	1
2326	0	216479	1
2326	0	1369926	1
2326	0	1096155	1
2326	0	655731	1
2326	0	1521674	1
2326	0	706715	1
169797	0	1228945	1
490295	0	785894	1
96233	0	652322	1
96233	0	896538	1
179993	0	1877701	1
179993	0	749536	1
20192	0	1122997	1
20192	0	1109103	1
305743	0	946216	1
22979	0	22979	2
22979	0	397638	1
22979	0	421864	1
71667	0	451312	1
71667	0	2046707	1
257905	0	1011499	1
257905	0	1069126	1
257905	0	1065268	1
257905	0	481116	1
257905	0	133404	1
257905	0	1066408	1
257905	0	1015850	1
257905	0	1065196	1
12277	0	72159	1
99278	0	1161665	1
14738	0	371702	1
14738	0	1119015	1
14738	0	2312268	1
14738	0	979503	1
14738	0	1653056	1
14738	0	259590	1
14738	0	456104	1
14738	0	1576588	1
14738	0	539284	1
14738	0	2070045	1
14738	0	1786151	1
14738	0	1590358	1
14738	0	282550	1
14738	0	1814501	1
14738	0	991274	1
14738	0	196662	1
27540	0	2085660	1
27540	0	1788149	1
27540	0	1332097	1
84161	0	84161	2
133624	0	752752	1
31185	0	497328	1
179453	0	522505	1
157174	0	467459	1
13129	0	13129	2
13129	0	1014095	1
13129	0	2448636	1
13129	0	564205	1
13129	0	1001783	1
13129	0	1844334	1
13129	0	568869	1
13129	0	822882	1
13129	0	922472	1
13129	0	1515954	1
195044	0	2383014	1
4595	0	1178349	1
4595	0	2174408	1
576921	0	1601355	1
576921	0	1527496	1
576921	0	1680375	1
576921	0	1967858	1
9751	0	608515	1
9751	0	680615	1
9751	0	342779	1
9751	0	1830403	1
9751	0	1134169	1
803057	0	803057	2
10916	0	10916	2
94799	0	94799	2
364764	0	1531585	1
364764	0	1907292	1
118287	0	1891523	1
169148	0	1421098	1
169148	0	1058266	1
179296	0	326874	1
179296	0	290080	1
179296	0	964935	1
179296	0	311827	1
397889	0	923993	1
86275	0	86275	2
86275	0	1610953	1
86275	0	352522	1
86275	0	2414090	1
86275	0	2021488	1
86275	0	1407472	1
86275	0	573403	1
86275	0	2296914	1
86275	0	2243747	1
86275	0	1633583	1
1098171	0	1524333	1
1098171	0	371702	1
1098171	0	1328442	1
1098171	0	671518	1
1098171	0	965438	1
1098171	0	128187	1
1098171	0	952270	1
1098171	0	1335049	1
1098171	0	2071244	1
1098171	0	1991401	1
1098171	0	1868898	1
1098171	0	928707	1
1098171	0	86513	1
1098171	0	442473	1
1098171	0	2051159	1
1098171	0	2293782	1
1098171	0	959189	1
1098171	0	171695	1
276522	0	147991	1
17233	0	503134	1
17233	0	779620	1
17233	0	1499869	1
17233	0	1896732	1
17233	0	1495966	1
17233	0	2450580	1
17233	0	1600738	1
724	0	1170402	1
37546	0	34646	1
37546	0	1229404	1
37546	0	2209615	1
14228	0	1900003	1
14228	0	1455257	1
216267	0	2393473	1
216267	0	2399276	1
216267	0	2398361	1
216267	0	1733818	1
216267	0	2389168	1
216267	0	2394999	1
88741	0	1739659	1
88741	0	1456973	1
260535	0	907871	1
260535	0	1577617	1
260535	0	1407472	1
260535	0	2100474	1
71424	0	514170	1
71424	0	1541529	1
71424	0	1555886	1
71424	0	1011578	1
14545	0	494373	1
14545	0	466278	1
14545	0	193138	1
14545	0	453549	1
14545	0	356941	1
32918	0	527342	1
35000	0	633896	1
35000	0	390697	1
84323	0	968982	1
112620	0	112620	2
112620	0	645866	1
6534	0	1704929	1
127985	0	1138037	1
127985	0	332178	1
203365	0	1871524	1
18596	0	283354	1
18596	0	503335	1
18596	0	2221624	1
18596	0	1309380	1
26881	0	1116728	1
4860	0	357703	1
4860	0	456901	1
4860	0	1232382	1
4860	0	1256847	1
4860	0	589488	1
4860	0	417447	1
4860	0	341321	1
4860	0	761782	1
4860	0	1756206	1
4860	0	1512613	1
4860	0	431527	1
4860	0	145703	1
4860	0	762763	1
4860	0	230851	1
4860	0	191478	1
4860	0	723557	1
4860	0	7712	1
4860	0	856919	1
4860	0	1364058	1
4860	0	1392397	1
4860	0	1831497	1
4860	0	1565894	1
4860	0	1668819	1
4860	0	671330	1
4860	0	1604919	1
4860	0	1514952	1
4860	0	1511450	1
21890	0	912120	1
1192937	0	1192937	2
1192937	0	2393466	1
97130	0	2444515	1
97130	0	1268390	1
13678	0	2066566	1
13678	0	2005835	1
13071	0	13071	2
135330	0	1845493	1
7926	0	130525	1
7926	0	367	1
7926	0	638692	1
7926	0	1031026	1
7926	0	725913	1
7926	0	372878	1
7926	0	874628	1
7926	0	282286	1
7926	0	1273605	1
7926	0	1078747	1
7926	0	661387	1
7926	0	566379	1
7926	0	466536	1
7926	0	2124527	1
7926	0	1875160	1
7926	0	907571	1
7926	0	251816	1
7926	0	675163	1
7926	0	1509178	1
230998	0	1355638	1
89910	0	89910	2
89910	0	1884723	1
89910	0	1251961	1
89910	0	36735	1
89910	0	2358613	1
89910	0	562113	1
89910	0	1374931	1
89910	0	1273151	1
89910	0	1159442	1
89910	0	332500	1
89910	0	1233857	1
89910	0	735982	1
973727	0	973727	2
160359	0	2246369	1
160359	0	996813	1
160359	0	1796660	1
128	0	526876	1
128	0	1732792	1
128	0	446049	1
128	0	527750	1
128	0	1096387	1
128	0	1594649	1
128	0	373700	1
128	0	282297	1
128	0	312745	1
128	0	898051	1
128	0	1426303	1
128	0	1534572	1
128	0	1022127	1
128	0	2237560	1
128	0	368404	1
128	0	1656625	1
128	0	346201	1
128	0	2005279	1
128	0	1065502	1
128	0	1757940	1
128	0	972488	1
128	0	695924	1
128	0	1026767	1
128	0	1387219	1
128	0	103643	1
128	0	741606	1
128	0	1836854	1
128	0	623316	1
128	0	1475712	1
128	0	1005030	1
128	0	1316656	1
128	0	304969	1
128	0	366791	1
128	0	2414002	1
128	0	1831067	1
128	0	340812	1
128	0	1111595	1
128	0	305646	1
128	0	1018704	1
128	0	2022779	1
128	0	872035	1
128	0	1574492	1
128	0	1825916	1
128	0	240456	1
128	0	1778809	1
128	0	303800	1
128	0	2411798	1
128	0	2121814	1
128	0	866020	1
128	0	2254602	1
128	0	2446602	1
128	0	741466	1
128	0	304982	1
128	0	2223870	1
128	0	326650	1
128	0	1533572	1
128	0	1011040	1
128	0	840234	1
128	0	1131145	1
128	0	691534	1
128	0	1943312	1
128	0	1115449	1
128	0	1253429	1
128	0	2039672	1
128	0	959301	1
128	0	825203	1
128	0	181360	1
128	0	1474442	1
128	0	598029	1
128	0	517686	1
128	0	1780335	1
128	0	90946	1
128	0	1662454	1
128	0	1663726	1
128	0	1261620	1
128	0	237292	1
21268	0	2081828	1
21268	0	2130221	1
106835	0	1082870	1
106835	0	953071	1
106835	0	394438	1
106835	0	765214	1
106835	0	237965	1
197106	0	1821581	1
197106	0	1703518	1
198102	0	1860861	1
20053	0	1408978	1
20053	0	2002759	1
20053	0	183087	1
20053	0	1511987	1
20053	0	2180503	1
11794	0	203667	1
1709607	0	1709607	2
1709607	0	2291158	1
436607	0	1011499	1
436607	0	1069126	1
436607	0	943542	1
436607	0	1065268	1
436607	0	1066408	1
436607	0	1015850	1
436607	0	1074653	1
436607	0	1065196	1
436607	0	412820	1
436607	0	1065912	1
1234	0	384165	1
1234	0	883720	1
1234	0	1129178	1
1234	0	780773	1
1234	0	1058325	1
1234	0	2036604	1
1234	0	511850	1
1234	0	1585180	1
1234	0	628631	1
1234	0	1165163	1
1234	0	511842	1
1234	0	644286	1
1234	0	2274500	1
1234	0	695568	1
1234	0	757241	1
1234	0	1975039	1
1234	0	818649	1
1234	0	1344268	1
1234	0	1877701	1
1234	0	1015205	1
1234	0	1440634	1
1234	0	965924	1
1234	0	2124834	1
1234	0	306198	1
1234	0	642353	1
1234	0	1531300	1
1234	0	931306	1
1234	0	635151	1
1234	0	646799	1
1234	0	766543	1
1234	0	874830	1
1234	0	749536	1
1234	0	2050482	1
1234	0	2230737	1
1234	0	223952	1
1234	0	1652384	1
1234	0	1854278	1
1234	0	1308864	1
24842	0	1409373	1
120942	0	66595	1
120942	0	66686	1
1445512	0	218204	1
159639	0	1653352	1
159639	0	1096573	1
28534	0	187840	1
28534	0	162239	1
1529402	0	975281	1
1529402	0	921253	1
1529402	0	1107419	1
1529402	0	1195691	1
1529402	0	904079	1
1529402	0	2387294	1
1529402	0	198960	1
1529402	0	1520191	1
1529402	0	958139	1
1529402	0	552346	1
1529402	0	1798612	1
1529402	0	122932	1
1529402	0	1838119	1
1529402	0	903532	1
1529402	0	1156416	1
451378	0	1124451	1
24481	0	24481	2
24481	0	600950	1
24481	0	1846621	1
1626061	0	1141371	1
1626061	0	228796	1
1626061	0	1664310	1
1626061	0	218693	1
101124	0	2140116	1
101124	0	1384802	1
8998	0	1631593	1
8998	0	1251703	1
8998	0	440510	1
8998	0	2178942	1
8998	0	1202245	1
8998	0	1476420	1
8998	0	633361	1
8998	0	1091807	1
8998	0	2125929	1
8998	0	1449729	1
8998	0	2176648	1
8998	0	603789	1
8998	0	422214	1
8998	0	1577356	1
8998	0	1458354	1
8998	0	1813843	1
8998	0	1967017	1
8998	0	1544323	1
8998	0	2400298	1
8998	0	879905	1
8998	0	1448853	1
8998	0	639606	1
8998	0	348376	1
8998	0	523391	1
8998	0	382078	1
8998	0	1482826	1
8998	0	1535204	1
8998	0	2082180	1
8998	0	1364220	1
8998	0	980865	1
8998	0	779978	1
8998	0	1379646	1
8998	0	160039	1
8998	0	2191244	1
8998	0	961780	1
8998	0	1952472	1
8998	0	1496423	1
8998	0	941236	1
8998	0	2036721	1
8998	0	1551391	1
8998	0	739006	1
8998	0	1935497	1
8998	0	2099779	1
8998	0	2099453	1
8998	0	1422980	1
8998	0	1132709	1
8998	0	1542512	1
8998	0	468084	1
8998	0	1791779	1
8998	0	1459216	1
8998	0	1479899	1
8998	0	466299	1
8998	0	1484836	1
367154	0	152464	1
367154	0	1851187	1
87509	0	2120296	1
87509	0	127296	1
199322	0	199322	2
199322	0	2373786	1
199322	0	873642	1
664	0	494373	1
208266	0	269603	1
208266	0	269216	1
2433785	0	2306630	1
1632177	0	2122111	1
139212	0	1485259	1
918461	0	918461	2
668604	0	1966404	1
668604	0	2442299	1
30844	0	702421	1
30844	0	981025	1
1548587	0	1548587	2
1548587	0	443260	1
1548587	0	893534	1
152460	0	1703157	1
152460	0	1524812	1
167795	0	448292	1
10037	0	239812	1
10037	0	1523423	1
10037	0	1559899	1
10037	0	538484	1
10037	0	910276	1
10037	0	496084	1
10037	0	599093	1
10037	0	278326	1
10037	0	2454463	1
10037	0	1123627	1
10037	0	771664	1
10037	0	350098	1
10037	0	1666119	1
10037	0	1364058	1
10037	0	385127	1
80222	0	985472	1
80222	0	1189346	1
283954	0	2276142	1
146273	0	1683838	1
18505	0	273593	1
18505	0	114658	1
1018273	0	122179	1
17774	0	604303	1
17774	0	2421843	1
17774	0	1488736	1
17774	0	1941221	1
104720	0	910599	1
79992	0	317800	1
87635	0	873714	1
87635	0	1365244	1
1182142	0	683235	1
1182142	0	1503691	1
641874	0	1828664	1
641874	0	1858406	1
103436	0	1726362	1
455937	0	2306630	1
185335	0	1420074	1
16104	0	2396852	1
16104	0	345085	1
575724	0	575724	2
575724	0	1852124	1
575724	0	1358792	1
575724	0	1253583	1
575724	0	1139710	1
575724	0	2053916	1
575724	0	2228490	1
575724	0	1999336	1
575724	0	2195077	1
575724	0	1980732	1
575724	0	2347848	1
575724	0	1016553	1
575724	0	2053939	1
9651	0	11892	1
1259	0	1476086	1
1259	0	2252536	1
1259	0	1043487	1
1259	0	503203	1
1259	0	1673109	1
1259	0	451072	1
478432	0	1414003	1
478432	0	2123098	1
478432	0	1606584	1
160592	0	2454275	1
99071	0	569094	1
99071	0	1124015	1
283646	0	1684530	1
283646	0	677635	1
1169835	0	1696063	1
1169835	0	787508	1
18591	0	279452	1
18591	0	701715	1
83819	0	83819	2
83819	0	2348256	1
83819	0	758225	1
83819	0	750536	1
2892	0	1037536	1
221045	0	1968481	1
123821	0	1486047	1
123821	0	183837	1
134777	0	2340778	1
98980	0	836560	1
98980	0	1287410	1
5842	0	1466067	1
5842	0	887046	1
5842	0	1773453	1
5842	0	2213919	1
5842	0	1718892	1
5842	0	2158938	1
401110	0	401110	2
288100	0	1663480	1
22992	0	2372638	1
22992	0	967616	1
22992	0	461784	1
22992	0	257613	1
22992	0	1450467	1
22992	0	911297	1
22992	0	525049	1
22992	0	870854	1
22992	0	2316623	1
22992	0	95294	1
22992	0	1251611	1
121660	0	198861	1
121660	0	1103898	1
121660	0	786472	1
121660	0	36683	1
121660	0	1573961	1
121660	0	1887917	1
121660	0	2233223	1
121660	0	1608479	1
121660	0	844251	1
121660	0	2089413	1
84432	0	2292695	1
84432	0	952049	1
4682	0	825594	1
177999	0	125106	1
118543	0	776213	1
118543	0	1447467	1
127742	0	523384	1
127742	0	1236729	1
127742	0	835937	1
7535	0	7535	2
82053	0	523384	1
127830	0	127830	2
127830	0	714619	1
127830	0	309133	1
592238	0	2271713	1
26197	0	26197	2
26197	0	2013557	1
26197	0	476338	1
296192	0	189801	1
296192	0	790386	1
296192	0	286413	1
296192	0	230086	1
120583	0	445831	1
120583	0	1909544	1
120583	0	445797	1
217973	0	1674441	1
12529	0	1314947	1
248592	0	1727962	1
248592	0	585693	1
458	0	659544	1
32267	0	1547116	1
32267	0	2400968	1
32267	0	1788102	1
168690	0	889176	1
218546	0	1049101	1
365980	0	148912	1
365980	0	722041	1
365980	0	193137	1
365980	0	2096406	1
365980	0	195683	1
346611	0	555596	1
4051	0	1119709	1
71133	0	1763820	1
71133	0	781771	1
98896	0	1314723	1
98896	0	1323014	1
98896	0	1692733	1
98896	0	1721426	1
98896	0	1071792	1
98896	0	2096150	1
98896	0	837539	1
98896	0	1976626	1
98896	0	584619	1
98896	0	1105701	1
98896	0	1588574	1
98896	0	1330325	1
18910	0	2034902	1
18910	0	1851256	1
18910	0	1076208	1
316105	0	1479899	1
316105	0	527164	1
17391	0	1052375	1
2412	0	2412	2
212817	0	212817	2
212817	0	109845	1
37720	0	1923538	1
203747	0	1222267	1
203747	0	1296036	1
134182	0	1225347	1
134182	0	120424	1
753	0	783030	1
753	0	1281042	1
753	0	2403597	1
753	0	2193725	1
90040	0	1142339	1
1492908	0	1492908	2
1492908	0	1530736	1
782597	0	1487360	1
782597	0	1750782	1
1108478	0	1108478	2
1108478	0	1964280	1
722886	0	2188920	1
722886	0	2375107	1
722886	0	2195739	1
722886	0	1367678	1
1470967	0	1470967	2
1470967	0	2383527	1
73863	0	1705466	1
7902	0	140178	1
7902	0	2113424	1
7902	0	413900	1
157	0	157	2
58012	0	390269	1
58012	0	194436	1
58012	0	220928	1
58012	0	1872738	1
12323	0	2297079	1
12323	0	386372	1
1334466	0	1209780	1
11172	0	2408901	1
11172	0	2368674	1
11172	0	2424539	1
11172	0	2340059	1
11172	0	1886924	1
72619	0	1999660	1
17746	0	1647592	1
17746	0	1633658	1
82280	0	1047830	1
363883	0	1687126	1
363883	0	508577	1
363883	0	583718	1
363883	0	903595	1
363883	0	769237	1
363883	0	852083	1
363883	0	366411	1
363883	0	753904	1
363883	0	582786	1
363883	0	922616	1
363883	0	367255	1
363883	0	1032844	1
363883	0	368247	1
363883	0	1132125	1
363883	0	498473	1
1883	0	1039017	1
1883	0	1441527	1
1883	0	1894128	1
1883	0	177755	1
1883	0	1082962	1
1883	0	1358411	1
1883	0	1504877	1
1883	0	1363164	1
3422	0	1774820	1
3422	0	1236165	1
11336	0	87520	1
11336	0	1292197	1
11336	0	1380514	1
11336	0	1479574	1
11336	0	320882	1
11336	0	1117092	1
95866	0	746026	1
93537	0	888054	1
93537	0	892957	1
1125100	0	866453	1
1125100	0	723386	1
231699	0	1585661	1
8856	0	56144	1
8856	0	1062220	1
8856	0	1097109	1
8856	0	492910	1
8856	0	1411523	1
8856	0	688515	1
8856	0	692040	1
8856	0	56559	1
8856	0	1660259	1
8856	0	918716	1
8856	0	1297009	1
8856	0	105738	1
8856	0	56415	1
8856	0	883672	1
8856	0	339354	1
8856	0	1659592	1
8856	0	56395	1
87094	0	1299005	1
18539	0	498446	1
145463	0	424499	1
145463	0	496241	1
78832	0	82198	1
78832	0	1569437	1
9704	0	186614	1
9704	0	2388488	1
8862	0	1466972	1
8862	0	885073	1
8862	0	701897	1
8862	0	36865	1
8862	0	717788	1
8862	0	160955	1
8862	0	1782143	1
8862	0	1501191	1
8862	0	435312	1
8862	0	91089	1
8862	0	1079932	1
8862	0	2098145	1
8862	0	1663824	1
8862	0	1382352	1
8862	0	25193	1
8862	0	2239973	1
8862	0	240241	1
8862	0	887884	1
8862	0	1816378	1
8862	0	1602672	1
8862	0	2310400	1
8862	0	916752	1
8862	0	1458634	1
8862	0	577978	1
8862	0	1433017	1
8862	0	1498352	1
8862	0	969433	1
8862	0	267240	1
8862	0	1267380	1
8862	0	1068798	1
8862	0	19697	1
8862	0	492170	1
8862	0	1286301	1
8862	0	2153651	1
8862	0	1042837	1
8862	0	1246305	1
8862	0	87186	1
8862	0	662574	1
8862	0	1499408	1
8862	0	541866	1
8862	0	868794	1
8862	0	1194874	1
8862	0	188054	1
8862	0	2159943	1
8862	0	164488	1
8862	0	1689372	1
8862	0	8877	1
8862	0	1041902	1
8862	0	995287	1
8862	0	367188	1
8862	0	2214258	1
8862	0	1692669	1
8862	0	1697378	1
8862	0	1686983	1
8862	0	678133	1
8862	0	30892	1
8862	0	311973	1
8862	0	53141	1
8862	0	1652770	1
8862	0	925048	1
8862	0	389705	1
8862	0	2292429	1
8862	0	1932897	1
8862	0	2411629	1
8862	0	1443791	1
8862	0	965007	1
8862	0	2087916	1
8862	0	50994	1
8862	0	1598828	1
8862	0	2366519	1
8862	0	50958	1
8862	0	1872255	1
8862	0	1080865	1
8862	0	1076508	1
8862	0	690428	1
8862	0	1843502	1
8862	0	120623	1
8862	0	406715	1
8862	0	1650802	1
8862	0	776893	1
8862	0	213962	1
8862	0	1809541	1
8862	0	2149706	1
8862	0	1102767	1
8862	0	981539	1
8862	0	2084858	1
8862	0	888420	1
8862	0	1410118	1
8862	0	165103	1
8862	0	130035	1
8862	0	2301464	1
8862	0	1009771	1
8862	0	2367284	1
8862	0	2246802	1
8862	0	2187013	1
8862	0	1385008	1
8862	0	1323179	1
8862	0	1147482	1
8862	0	1278630	1
8862	0	447296	1
8862	0	52260	1
8862	0	2116203	1
8862	0	2050027	1
8862	0	586067	1
8862	0	33380	1
8862	0	1780584	1
8862	0	1689614	1
8862	0	3524	1
8862	0	1572023	1
8862	0	923699	1
1075662	0	2179362	1
1075662	0	1764251	1
8851	0	8851	2
8851	0	1821581	1
8851	0	784185	1
8851	0	1703518	1
8851	0	1634646	1
8851	0	1592428	1
8851	0	758182	1
8851	0	466249	1
8851	0	435726	1
8851	0	1642641	1
8851	0	1508146	1
8851	0	478591	1
8851	0	1613109	1
8851	0	1522364	1
8851	0	2180222	1
8851	0	810895	1
8851	0	1074079	1
8851	0	2158599	1
8851	0	1655681	1
8851	0	624369	1
8851	0	1525185	1
8851	0	2444572	1
8851	0	416348	1
8851	0	1975854	1
8851	0	1773205	1
8851	0	1807126	1
8851	0	1837671	1
80953	0	2358682	1
80953	0	1658539	1
80953	0	2384294	1
825	0	1277545	1
825	0	1265413	1
825	0	1268493	1
12394	0	2414268	1
12394	0	1201843	1
9633	0	1716457	1
9633	0	1316363	1
9633	0	526161	1
9633	0	364004	1
9633	0	331499	1
9633	0	439806	1
9633	0	258157	1
9633	0	927166	1
9633	0	1276664	1
9633	0	1358001	1
9633	0	786245	1
9633	0	819375	1
9633	0	1544077	1
9633	0	1918531	1
9633	0	196299	1
9633	0	1844024	1
9633	0	2019937	1
9633	0	1418091	1
9633	0	954062	1
9633	0	1730529	1
9633	0	1583600	1
9633	0	1905902	1
9633	0	27372	1
9633	0	307982	1
9633	0	1631317	1
9633	0	1716452	1
9633	0	2117868	1
9633	0	1607467	1
9633	0	2238405	1
9633	0	1077092	1
9633	0	782214	1
9633	0	2186492	1
9633	0	1719406	1
9633	0	1445412	1
9633	0	1783993	1
9633	0	1269502	1
9633	0	155718	1
9633	0	1323179	1
9633	0	771762	1
9633	0	2373203	1
9633	0	1042601	1
9633	0	474639	1
9633	0	666319	1
9633	0	408289	1
9633	0	1834038	1
9633	0	1462447	1
8204	0	668403	1
8204	0	1043518	1
8204	0	1655036	1
8204	0	623316	1
8204	0	1096458	1
8204	0	1878537	1
8204	0	1962825	1
8204	0	1190148	1
8204	0	629118	1
8204	0	629993	1
1049025	0	2382013	1
110149	0	296295	1
143126	0	2335655	1
143126	0	2290424	1
143126	0	735830	1
207002	0	2374368	1
13962	0	690474	1
13962	0	2169035	1
13962	0	1896234	1
13962	0	1588445	1
13962	0	1411378	1
268895	0	268895	2
268895	0	367360	1
16237	0	2294602	1
16237	0	1618012	1
21139	0	1397265	1
21139	0	936909	1
21139	0	1618552	1
37970	0	1447467	1
2612	0	909085	1
2612	0	1320947	1
2612	0	1320573	1
2612	0	765324	1
2612	0	571866	1
2612	0	2396657	1
2612	0	2160613	1
2612	0	1251062	1
862773	0	643563	1
862773	0	890636	1
862773	0	830579	1
862773	0	1962657	1
11326	0	525690	1
11326	0	907976	1
11326	0	2330511	1
11326	0	1684833	1
11326	0	2078679	1
11326	0	2394676	1
11326	0	2285352	1
11326	0	2286674	1
11326	0	879239	1
11326	0	595117	1
11326	0	1339799	1
11326	0	1711330	1
11326	0	2430555	1
11326	0	664358	1
11326	0	489188	1
11326	0	2174283	1
11326	0	2364591	1
11326	0	2027390	1
11326	0	2068254	1
11326	0	2222985	1
11326	0	2036591	1
11326	0	273037	1
11326	0	1980889	1
11326	0	856673	1
11326	0	379991	1
11326	0	389581	1
11326	0	2013891	1
11326	0	119885	1
11326	0	408352	1
11326	0	283046	1
11326	0	1910735	1
11326	0	1006022	1
11326	0	1661557	1
11326	0	2102177	1
11326	0	1889019	1
11326	0	910197	1
11326	0	1952571	1
11326	0	2372146	1
11326	0	2031923	1
11326	0	1513107	1
11326	0	2407015	1
11326	0	2344613	1
11326	0	781676	1
11326	0	2309095	1
11326	0	1071927	1
896124	0	2304148	1
12319	0	1581711	1
12319	0	2181699	1
12319	0	1596189	1
12319	0	2133773	1
4421	0	1291504	1
4421	0	800020	1
4421	0	1214024	1
296526	0	1438101	1
